-515 3
-505 2
-495 1
-485 2
-465 2
-445 2
-415 2
-385 1
-375 1
-355 1
-335 1
-325 1
-295 2
-265 1
-255 1
-205 1
-155 1
-125 9
-115 22
-105 47
-95 62
-85 67
-75 67
-65 73
-55 77
-45 89
-35 106
-25 88
-15 168
-5 395
5 296
15 252
25 164
35 110
45 93
55 84
65 66
75 80
85 64
95 61
105 56
115 58
125 48
135 43
145 44
155 39
165 39
175 31
185 36
195 36
205 25
215 33
225 23
235 34
245 20
255 28
265 18
275 34
285 14
295 26
305 19
315 19
325 22
335 12
345 11
355 12
365 15
375 10
385 7
395 5
405 12
415 2
435 1
445 1
455 1
485 1
