4800 -0.181
4800 -0.252
4800 -0.511
4800 -0.888
4800 -1.26
4800 -1.434
4800 -1.513
4800 -11.677
4800 -13.494
4800 -14.215
4800 -15.565
4800 -18.374
4800 -19.421
4800 -2.524
4800 -21.764
4800 -3.967
4800 -7.553
4800 -7.75
4800 -8.164
4800 0.044
4800 0.329
4800 0.69
4800 1.132
4800 1.292
4800 1.875
4800 120.92
4800 128.283
4800 134.616
4800 137.053
4800 141.742
4800 154.011
4800 154.051
4800 155.401
4800 155.559
4800 155.909
4800 158.81
4800 158.929
4800 159.961
4800 165.356
4800 165.558
4800 166.97
4800 167.551
4800 168.267
4800 169.97
4800 17.491
4800 172.724
4800 175.978
4800 178.831
4800 179.382
4800 179.676
4800 180.076
4800 180.189
4800 180.772
4800 181.567
4800 184.815
4800 186.045
4800 187.288
4800 188.269
4800 192.98
4800 193.242
4800 193.94
4800 194.406
4800 195.424
4800 196.655
4800 198.087
4800 198.917
4800 2.626
4800 200.133
4800 200.231
4800 200.392
4800 201.136
4800 201.196
4800 201.387
4800 202.218
4800 202.26
4800 202.483
4800 203.282
4800 207.85
4800 215.589
4800 228.066
4800 240.604
4800 4.81
4800 5.017
4800 9.579
14400 -0.139
14400 -0.429
14400 -0.706
14400 -0.87
14400 -0.989
14400 -1.163
14400 -1.296
14400 -1.57
14400 -1.713
14400 -1.751
14400 -11.771
14400 -14.394
14400 -15.062
14400 -16.483
14400 -17.704
14400 -19.75
14400 -2.772
14400 -20.387
14400 -4.212
14400 -6.13
14400 -7.359
14400 -9.857
14400 0.047
14400 0.115
14400 0.265
14400 0.45
14400 1.235
14400 1.396
14400 1.427
14400 1.56
14400 1.793
14400 106.309
14400 113.643
14400 115.812
14400 115.838
14400 12.864
14400 122.993
14400 129.692
14400 135.35
14400 135.445
14400 136.058
14400 136.969
14400 137.401
14400 137.48
14400 137.848
14400 139.317
14400 139.592
14400 139.943
14400 143.105
14400 147.019
14400 147.938
14400 148.21
14400 148.517
14400 148.822
14400 149.828
14400 149.904
14400 150.319
14400 150.363
14400 151.512
14400 152.997
14400 153.761
14400 157.457
14400 157.712
14400 158.55
14400 159.002
14400 160.077
14400 161.117
14400 161.867
14400 162.344
14400 162.755
14400 167.597
14400 168.14
14400 169.677
14400 170.638
14400 170.806
14400 171.365
14400 172.716
14400 173.01
14400 177.286
14400 178.149
14400 178.334
14400 178.728
14400 179.681
14400 181.773
14400 182.623
14400 182.658
14400 183.301
14400 183.69
14400 183.753
14400 184.391
14400 184.648
14400 184.871
14400 185.046
14400 185.386
14400 186.174
14400 186.328
14400 186.62
14400 187.265
14400 189.965
14400 190.532
14400 198.938
14400 2.043
14400 2.219
14400 2.665
14400 201.436
14400 209.605
14400 21.531
14400 223.761
14400 4.715
14400 4.908
14400 5.363
14400 5.802
24000 -0.034
24000 -0.221
24000 -0.623
24000 -0.954
24000 -1.069
24000 -1.188
24000 -1.257
24000 -1.493
24000 -1.612
24000 -1.853
24000 -11.419
24000 -12.926
24000 -15.063
24000 -15.512
24000 -17.112
24000 -17.381
24000 -18.467
24000 -2.109
24000 -2.306
24000 -21.446
24000 -4.392
24000 -4.515
24000 -6.816
24000 -7.86
24000 0.142
24000 0.257
24000 1.122
24000 1.349
24000 1.358
24000 1.374
24000 100.262
24000 102.266
24000 110.504
24000 113.372
24000 114.736
24000 114.869
24000 115.735
24000 116.873
24000 117.795
24000 118.097
24000 118.935
24000 120.548
24000 121.251
24000 126.714
24000 127.838
24000 127.945
24000 127.955
24000 128.325
24000 128.607
24000 129.374
24000 129.383
24000 131.139
24000 132.141
24000 133.583
24000 138.014
24000 138.095
24000 138.749
24000 139.107
24000 139.326
24000 139.375
24000 14.249
24000 141.685
24000 143.347
24000 143.527
24000 144.425
24000 145.453
24000 146.438
24000 148.185
24000 149.204
24000 150.435
24000 151.394
24000 151.888
24000 152.088
24000 155.688
24000 157.053
24000 157.197
24000 158.339
24000 161.208
24000 161.421
24000 161.858
24000 162.119
24000 162.239
24000 162.583
24000 163.125
24000 163.49
24000 163.521
24000 163.697
24000 164.216
24000 164.318
24000 164.386
24000 164.703
24000 165.203
24000 171.378
24000 172.175
24000 174.099
24000 177.074
24000 177.603
24000 190.718
24000 191.236
24000 2.037
24000 2.222
24000 2.283
24000 2.415
24000 201.102
24000 25.16
24000 4.85
24000 5.119
24000 5.553
24000 6.474
24000 91.389
24000 92.222
24000 94.717
33600 -0.209
33600 -0.791
33600 -0.812
33600 -1.353
33600 -1.757
33600 -1.774
33600 -1.959
33600 -13.153
33600 -14.517
33600 -16.307
33600 -16.537
33600 -18.149
33600 -18.314
33600 -19.505
33600 -2.107
33600 -2.17
33600 -2.424
33600 -2.705
33600 -2.752
33600 -22.89
33600 -3.047
33600 -4.903
33600 -6.244
33600 -7.279
33600 -8.296
33600 0.256
33600 0.723
33600 0.783
33600 1.08
33600 1.536
33600 1.925
33600 103.679
33600 104.778
33600 104.982
33600 105.574
33600 106.53
33600 107.728
33600 107.919
33600 109.525
33600 112.958
33600 113.199
33600 113.869
33600 115.927
33600 116.988
33600 117.151
33600 117.763
33600 117.819
33600 120.074
33600 123.814
33600 123.912
33600 124.783
33600 125.083
33600 125.412
33600 126.168
33600 126.823
33600 128.926
33600 129.059
33600 130.019
33600 131.78
33600 132.284
33600 134.335
33600 134.812
33600 136.587
33600 138.969
33600 139.961
33600 140.815
33600 141.162
33600 142.327
33600 143.76
33600 145.424
33600 145.728
33600 146.472
33600 146.935
33600 147.575
33600 147.891
33600 147.922
33600 148.081
33600 148.268
33600 148.484
33600 149.785
33600 150.383
33600 150.581
33600 154.622
33600 155.189
33600 16.008
33600 161.023
33600 161.946
33600 169.707
33600 171.724
33600 177.386
33600 184.045
33600 2.092
33600 2.652
33600 2.907
33600 28.447
33600 4.504
33600 5.88
33600 6.468
33600 7.041
33600 72.83
33600 74.711
33600 76.764
33600 77.956
33600 78.072
33600 89.394
33600 92.234
33600 93.069
33600 93.519
33600 94.215
33600 96.475
33600 96.539
33600 99.46
43200 -0.318
43200 -0.899
43200 -1.156
43200 -1.492
43200 -1.576
43200 -1.882
43200 -14.901
43200 -15.798
43200 -17.745
43200 -17.777
43200 -18.372
43200 -19.256
43200 -2.017
43200 -2.146
43200 -23.489
43200 -24.018
43200 -3.036
43200 -3.081
43200 -3.516
43200 -3.657
43200 -4.511
43200 -4.759
43200 -4.831
43200 -5.955
43200 -7.388
43200 -8.657
43200 0.179
43200 0.33
43200 1.22
43200 1.223
43200 1.669
43200 1.912
43200 102.021
43200 105.045
43200 105.757
43200 106.267
43200 106.353
43200 108.36
43200 108.925
43200 109.118
43200 109.82
43200 113.26
43200 113.37
43200 114.223
43200 116.59
43200 116.767
43200 118.258
43200 118.776
43200 119.084
43200 120.471
43200 121.718
43200 123.341
43200 124.832
43200 125.548
43200 127.665
43200 128.682
43200 131.213
43200 132.442
43200 133.372
43200 134.565
43200 134.771
43200 135.073
43200 135.47
43200 135.819
43200 136.229
43200 136.257
43200 136.332
43200 136.747
43200 138.642
43200 139.374
43200 143.173
43200 148.287
43200 149.251
43200 151.138
43200 155.441
43200 163.043
43200 166.037
43200 170.993
43200 2.579
43200 20.398
43200 3.439
43200 31.645
43200 4.432
43200 43.039
43200 55.416
43200 56.321
43200 56.864
43200 6.475
43200 65.847
43200 7.226
43200 7.355
43200 72.276
43200 72.785
43200 72.902
43200 73.055
43200 76.1
43200 77.176
43200 79.231
43200 82.473
43200 82.645
43200 83.036
43200 83.228
43200 85.707
43200 92.73
43200 94.869
43200 95.038
43200 95.715
43200 96.217
43200 96.261
43200 96.753
43200 97.562
43200 98.206
52800 -0.011
52800 -0.687
52800 -0.719
52800 -0.729
52800 -0.948
52800 -1.097
52800 -1.461
52800 -1.804
52800 -1.988
52800 -15.94
52800 -17.117
52800 -18.5
52800 -18.619
52800 -19.45
52800 -2.107
52800 -2.856
52800 -20.072
52800 -24.81
52800 -26.989
52800 -3.374
52800 -3.579
52800 -3.638
52800 -3.899
52800 -5.295
52800 -5.324
52800 -7.808
52800 -7.961
52800 -9.06
52800 1.199
52800 1.199
52800 1.571
52800 101.135
52800 104.008
52800 104.01
52800 104.162
52800 104.275
52800 105.21
52800 106.098
52800 109.998
52800 11.342
52800 110.43
52800 113.177
52800 113.622
52800 115.401
52800 115.5
52800 116.662
52800 117.826
52800 122.045
52800 123.106
52800 123.516
52800 124.678
52800 124.969
52800 125.824
52800 126.236
52800 126.24
52800 126.339
52800 126.57
52800 126.603
52800 128.788
52800 130.064
52800 131.847
52800 138.567
52800 138.903
52800 142.605
52800 151.729
52800 156.562
52800 157.783
52800 159.81
52800 2.028
52800 25.466
52800 3.054
52800 3.197
52800 36.175
52800 37.863
52800 39.224
52800 39.581
52800 4.296
52800 53.558
52800 54.341
52800 54.486
52800 54.664
52800 55.134
52800 57.515
52800 62.823
52800 63.646
52800 63.653
52800 64.062
52800 66.426
52800 66.43
52800 69.677
52800 7.426
52800 76.211
52800 76.563
52800 77.508
52800 77.511
52800 79.465
52800 8.151
52800 8.218
52800 84.122
52800 84.211
52800 84.392
52800 84.991
52800 85.94
52800 87.979
52800 88.952
52800 92.72
52800 94.534
52800 94.78
52800 96.682
52800 96.847
52800 97.432
52800 98.354
62400 -0.346
62400 -1.088
62400 -1.652
62400 -1.988
62400 -10.136
62400 -16.908
62400 -18.741
62400 -19.039
62400 -19.073
62400 -19.453
62400 -2.067
62400 -2.324
62400 -2.488
62400 -2.569
62400 -2.574
62400 -20.759
62400 -20.992
62400 -26.04
62400 -29.337
62400 -3.005
62400 -3.619
62400 -4.929
62400 -5.332
62400 -6.171
62400 -8.594
62400 -9.752
62400 0.165
62400 0.223
62400 0.73
62400 1.356
62400 1.432
62400 101.614
62400 102.514
62400 103.898
62400 105.898
62400 105.91
62400 106.54
62400 108.605
62400 113.947
62400 114.369
62400 115.361
62400 115.646
62400 115.713
62400 116.28
62400 116.437
62400 116.764
62400 117.366
62400 117.992
62400 118.475
62400 118.898
62400 120.833
62400 121.327
62400 128.642
62400 136.644
62400 138.956
62400 148.22
62400 149.74
62400 150.702
62400 154.233
62400 2.445
62400 2.654
62400 22.219
62400 24.159
62400 25.688
62400 3.131
62400 3.839
62400 30.77
62400 36.241
62400 38.336
62400 38.638
62400 38.987
62400 4.311
62400 41.131
62400 41.903
62400 44.953
62400 45.825
62400 45.916
62400 46.044
62400 48.551
62400 50.926
62400 56.711
62400 57.908
62400 57.994
62400 58.372
62400 59.519
62400 64.559
62400 64.989
62400 65.599
62400 67.772
62400 70.922
62400 71.728
62400 74.359
62400 75.969
62400 78.288
62400 79.447
62400 79.639
62400 8.457
62400 8.734
62400 82.022
62400 82.375
62400 82.858
62400 86.866
62400 88.497
62400 89.352
62400 9.128
62400 91.963
62400 93.145
62400 94.402
62400 94.985
62400 96.185
62400 97.413
62400 97.465
72000 -1.031
72000 -1.312
72000 -1.553
72000 -10.365
72000 -17.815
72000 -19.465
72000 -2.133
72000 -2.348
72000 -2.681
72000 -2.775
72000 -2.82
72000 -20.464
72000 -20.496
72000 -21.447
72000 -22.13
72000 -26.874
72000 -29.574
72000 -3.095
72000 -3.305
72000 -47.653
72000 -5.491
72000 -6.801
72000 -9.477
72000 -9.715
72000 0.481
72000 1.164
72000 1.165
72000 1.171
72000 1.208
72000 1.687
72000 105.994
72000 106.59
72000 107.598
72000 107.744
72000 107.828
72000 108.271
72000 108.379
72000 108.582
72000 110.292
72000 111.019
72000 111.178
72000 113.06
72000 113.079
72000 119.129
72000 137.475
72000 14.161
72000 140.305
72000 140.382
72000 152.021
72000 21.057
72000 23.492
72000 24.294
72000 24.398
72000 26.09
72000 29.211
72000 3.485
72000 3.525
72000 3.526
72000 30.078
72000 30.387
72000 32.691
72000 37.445
72000 38.472
72000 4.661
72000 42.483
72000 42.707
72000 43.461
72000 47.482
72000 49.056
72000 49.118
72000 51.313
72000 51.662
72000 53.318
72000 55.533
72000 60.667
72000 61.656
72000 63.514
72000 65.756
72000 67.579
72000 70.2
72000 71.174
72000 71.702
72000 72.2
72000 74.205
72000 8.068
72000 8.754
72000 81.198
72000 81.232
72000 81.443
72000 82.335
72000 84.972
72000 85.591
72000 86.276
72000 88.061
72000 88.817
72000 9.405
72000 9.701
72000 9.887
72000 94.013
72000 94.859
72000 95.36
72000 96.901
72000 97.833
72000 98.226
72000 98.765
72000 99.517
81600 -0.323
81600 -0.545
81600 -1.393
81600 -10.685
81600 -18.364
81600 -2.159
81600 -2.373
81600 -2.674
81600 -2.707
81600 -2.968
81600 -2.976
81600 -20.48
81600 -21.515
81600 -21.686
81600 -22.49
81600 -23.419
81600 -27.997
81600 -29.983
81600 -3.349
81600 -3.417
81600 -5.291
81600 -6.87
81600 -75.182
81600 -8.885
81600 -9.845
81600 0.212
81600 0.579
81600 1.01
81600 1.558
81600 1.657
81600 10.025
81600 10.123
81600 10.553
81600 10.892
81600 100.229
81600 100.34
81600 100.536
81600 101.595
81600 103.09
81600 103.413
81600 104.151
81600 105.599
81600 105.727
81600 11.796
81600 110.542
81600 130.876
81600 132.941
81600 15.352
81600 15.772
81600 15.813
81600 18.734
81600 2.294
81600 27.855
81600 28.515
81600 29.527
81600 29.721
81600 3.072
81600 3.74
81600 3.808
81600 34.492
81600 38.185
81600 38.705
81600 39.082
81600 4.113
81600 41.784
81600 44.195
81600 47.158
81600 49.479
81600 51.799
81600 55.899
81600 57.589
81600 59.826
81600 61.796
81600 63.289
81600 65.446
81600 65.856
81600 67.067
81600 7.174
81600 72.842
81600 74.266
81600 75.384
81600 77.264
81600 77.522
81600 77.855
81600 80.418
81600 80.568
81600 83.497
81600 86.714
81600 87.882
81600 87.982
81600 88.292
81600 9.083
81600 9.399
81600 90.356
81600 90.926
81600 92.228
81600 98.053
81600 98.636
81600 99.072
81600 99.988
91200 -0.038
91200 -0.144
91200 -0.282
91200 -1.126
91200 -1.273
91200 -1.574
91200 -101.001
91200 -11.182
91200 -12.319
91200 -16.718
91200 -19.313
91200 -2.184
91200 -2.209
91200 -21.996
91200 -23.172
91200 -23.444
91200 -23.615
91200 -24.733
91200 -29.089
91200 -3.148
91200 -3.193
91200 -3.62
91200 -31.165
91200 -4.133
91200 -4.659
91200 -5.604
91200 -5.639
91200 -6.495
91200 -8.339
91200 -9.647
91200 0.105
91200 0.105
91200 0.199
91200 1.516
91200 1.99
91200 10.744
91200 103.296
91200 122.802
91200 125.656
91200 15.769
91200 17.906
91200 18.008
91200 18.729
91200 2.48
91200 2.57
91200 2.795
91200 2.866
91200 21.445
91200 26.001
91200 27.7
91200 29.441
91200 3.01
91200 3.167
91200 31.641
91200 34.243
91200 36.087
91200 36.664
91200 4.517
91200 4.701
91200 43.243
91200 44.444
91200 50.558
91200 52.813
91200 54.576
91200 54.625
91200 56.483
91200 56.877
91200 58.388
91200 6.463
91200 65.825
91200 67.744
91200 68.607
91200 68.934
91200 69.711
91200 69.778
91200 70.64
91200 72.644
91200 74.029
91200 79.767
91200 79.884
91200 81.476
91200 82.182
91200 83.738
91200 83.863
91200 85.01
91200 9.723
91200 9.989
91200 90.088
91200 92.003
91200 92.264
91200 92.755
91200 93.108
91200 93.34
91200 94.049
91200 95.519
91200 96.641
91200 97.163
91200 97.782
91200 98.404
91200 99.042
100800 -0.288
100800 -0.634
100800 -1.043
100800 -1.479
100800 -10.694
100800 -11.117
100800 -12.043
100800 -12.19
100800 -12.921
100800 -125.709
100800 -13.756
100800 -16.593
100800 -2.538
100800 -2.78
100800 -20.569
100800 -21.377
100800 -22.893
100800 -23.187
100800 -25.281
100800 -25.655
100800 -26.192
100800 -27.116
100800 -3.644
100800 -3.734
100800 -31.132
100800 -32.386
100800 -4.063
100800 -4.207
100800 -5.671
100800 -5.915
100800 -7.334
100800 -7.716
100800 -8.336
100800 -8.612
100800 -9.983
100800 0.223
100800 0.832
100800 1.795
100800 10.245
100800 10.69
100800 10.7
100800 11.263
100800 115.983
100800 118.954
100800 15.416
100800 18.318
100800 18.701
100800 2.075
100800 23.24
100800 24.878
100800 25.623
100800 3.288
100800 3.526
100800 3.585
100800 30.187
100800 31.192
100800 38.045
100800 4.663
100800 43.525
100800 43.929
100800 46.416
100800 48.134
100800 49.213
100800 5.106
100800 5.238
100800 50.369
100800 52.161
100800 58.325
100800 59.918
100800 61.598
100800 62.629
100800 62.958
100800 63.263
100800 65.619
100800 66.192
100800 68.235
100800 7
100800 7.275
100800 72.319
100800 74.134
100800 75.264
100800 76.416
100800 77.263
100800 77.572
100800 78.948
100800 82.637
100800 85.602
100800 86.088
100800 86.093
100800 86.642
100800 86.645
100800 88.326
100800 88.964
100800 9.8
100800 90.631
100800 91.266
100800 91.83
100800 92.015
100800 92.869
100800 96.946
110400 -0.254
110400 -0.367
110400 -0.429
110400 -1.406
110400 -1.6
110400 -11.731
110400 -11.865
110400 -14.016
110400 -149.103
110400 -16.694
110400 -17.198
110400 -17.935
110400 -18.08
110400 -19.855
110400 -2.569
110400 -2.606
110400 -20.275
110400 -21.27
110400 -21.924
110400 -22.824
110400 -22.908
110400 -24.509
110400 -26.048
110400 -27.305
110400 -27.638
110400 -27.747
110400 -28.995
110400 -3.374
110400 -3.469
110400 -3.678
110400 -3.872
110400 -33.339
110400 -34.101
110400 -35.404
110400 -4.024
110400 -4.414
110400 -5.684
110400 -7.553
110400 -7.821
110400 0.718
110400 0.963
110400 109.552
110400 11.152
110400 11.525
110400 113.635
110400 12.064
110400 13.362
110400 14.749
110400 2.535
110400 2.613
110400 2.832
110400 20.623
110400 20.789
110400 25.689
110400 3.244
110400 3.772
110400 32.979
110400 33.321
110400 38.151
110400 4.046
110400 40.799
110400 41.585
110400 43.154
110400 45.011
110400 47.362
110400 48.309
110400 5.263
110400 5.946
110400 54.399
110400 55.025
110400 55.66
110400 58.448
110400 58.914
110400 6.529
110400 60.059
110400 61.087
110400 62.802
110400 64.994
110400 69.392
110400 70.355
110400 70.594
110400 71.827
110400 71.899
110400 73.836
110400 76.4
110400 79.906
110400 8.514
110400 80.034
110400 80.083
110400 80.88
110400 80.984
110400 82.608
110400 82.948
110400 84.549
110400 85.201
110400 86.205
110400 86.88
110400 87.105
110400 9.971
110400 90.473
120000 -0.069
120000 -0.444
120000 -0.705
120000 -0.885
120000 -1.596
120000 -1.769
120000 -10.498
120000 -10.972
120000 -11.693
120000 -11.752
120000 -12.13
120000 -169.76
120000 -22.467
120000 -22.848
120000 -24.764
120000 -24.766
120000 -24.8
120000 -24.925
120000 -25.273
120000 -25.841
120000 -26.483
120000 -27.514
120000 -28.48
120000 -29.287
120000 -29.332
120000 -29.411
120000 -29.691
120000 -3.006
120000 -3.263
120000 -3.352
120000 -3.651
120000 -33.62
120000 -34.519
120000 -35.52
120000 -36.615
120000 -4
120000 -4.772
120000 -41.66
120000 -6.027
120000 -7.387
120000 -8.243
120000 -9.493
120000 0.492
120000 1.222
120000 103.218
120000 108.849
120000 11.669
120000 11.897
120000 12.047
120000 13.64
120000 16.599
120000 2.432
120000 22.705
120000 24.326
120000 29.98
120000 3.096
120000 3.737
120000 3.832
120000 32.279
120000 34.146
120000 35.847
120000 39.965
120000 4.029
120000 4.216
120000 4.735
120000 40.162
120000 41.049
120000 41.77
120000 46.791
120000 49.574
120000 5.273
120000 5.786
120000 5.928
120000 51.696
120000 53.59
120000 54.275
120000 54.444
120000 57.182
120000 57.94
120000 59.219
120000 64.412
120000 64.46
120000 64.897
120000 65.932
120000 66.344
120000 68.154
120000 70.808
120000 73.488
120000 74.339
120000 74.639
120000 75.097
120000 75.467
120000 77.007
120000 77.344
120000 78.89
120000 80.428
120000 80.756
120000 81.158
120000 81.707
120000 84.259
129600 -0.39
129600 -0.514
129600 -1.855
129600 -11.554
129600 -12.203
129600 -17.293
129600 -17.825
129600 -18.501
129600 -189.196
129600 -19.035
129600 -2.065
129600 -2.173
129600 -2.335
129600 -2.743
129600 -22.789
129600 -27.917
129600 -28.387
129600 -28.622
129600 -29.503
129600 -3.546
129600 -3.654
129600 -30.6
129600 -30.817
129600 -30.831
129600 -30.903
129600 -31.074
129600 -31.393
129600 -31.559
129600 -33.499
129600 -34.185
129600 -34.931
129600 -35.458
129600 -38.882
129600 -4.061
129600 -40.129
129600 -41.443
129600 -47.427
129600 -5.052
129600 -5.371
129600 -6.66
129600 -7.769
129600 -7.95
129600 -8.692
129600 -9.062
129600 0.17
129600 1.104
129600 104.197
129600 11.821
129600 13.158
129600 13.887
129600 14.969
129600 17.02
129600 19.986
129600 2.136
129600 27.423
129600 27.539
129600 27.703
129600 3.443
129600 3.778
129600 31.343
129600 32.738
129600 36.77
129600 38.241
129600 38.526
129600 4.327
129600 4.775
129600 40.188
129600 44.164
129600 48.851
129600 49.013
129600 49.607
129600 5.036
129600 5.062
129600 5.656
129600 50.141
129600 51.832
129600 53.364
129600 55.71
129600 59.294
129600 59.581
129600 6.039
129600 60.404
129600 60.885
129600 61.518
129600 63.548
129600 66.002
129600 68.017
129600 69.367
129600 69.573
129600 69.799
129600 70.448
129600 71.337
129600 72.313
129600 72.814
129600 74.993
129600 75.728
129600 76.044
129600 76.873
129600 79.06
129600 97.843
139200 -1.38
139200 -1.618
139200 -10.24
139200 -11.129
139200 -12.026
139200 -13.066
139200 -14.973
139200 -15.399
139200 -2.583
139200 -206.485
139200 -22.13
139200 -24.171
139200 -24.435
139200 -24.806
139200 -26.154
139200 -29.407
139200 -29.853
139200 -3.088
139200 -3.139
139200 -3.877
139200 -32.228
139200 -32.298
139200 -32.641
139200 -32.782
139200 -35.604
139200 -35.733
139200 -36.199
139200 -36.353
139200 -36.995
139200 -37.543
139200 -39.639
139200 -39.97
139200 -4.248
139200 -4.548
139200 -40.165
139200 -41.076
139200 -45.249
139200 -46.457
139200 -5.62
139200 -53.56
139200 -6.161
139200 -9.013
139200 -9.396
139200 -9.73
139200 0.398
139200 0.585
139200 100.69
139200 11.299
139200 11.494
139200 13.069
139200 13.794
139200 16.164
139200 19.192
139200 2.289
139200 2.894
139200 22.066
139200 23.457
139200 26.331
139200 26.588
139200 27.544
139200 3.05
139200 32.848
139200 34.436
139200 36.877
139200 37.259
139200 38.336
139200 4.584
139200 4.907
139200 43.856
139200 44.777
139200 46.346
139200 46.959
139200 48.899
139200 48.918
139200 5.059
139200 5.172
139200 52.215
139200 54.709
139200 54.786
139200 56.503
139200 56.68
139200 56.705
139200 59.992
139200 6.481
139200 6.724
139200 60.605
139200 62.654
139200 64.122
139200 64.53
139200 64.661
139200 66.516
139200 67.007
139200 68.02
139200 68.448
139200 70.009
139200 71.124
139200 72.277
139200 73.149
139200 74.421
139200 92.264
148800 -1.302
148800 -10.733
148800 -12.177
148800 -13.205
148800 -13.483
148800 -14.036
148800 -14.889
148800 -15.079
148800 -15.918
148800 -2.627
148800 -2.72
148800 -2.88
148800 -2.93
148800 -20.826
148800 -21.404
148800 -21.823
148800 -222.624
148800 -29.383
148800 -3.343
148800 -3.439
148800 -30.375
148800 -30.486
148800 -31.295
148800 -32.197
148800 -32.503
148800 -34.441
148800 -34.624
148800 -35.387
148800 -35.521
148800 -37.958
148800 -40.113
148800 -40.348
148800 -40.454
148800 -40.481
148800 -43.061
148800 -43.284
148800 -43.886
148800 -44.27
148800 -44.744
148800 -49.294
148800 -5.035
148800 -50.216
148800 -57.586
148800 -6.287
148800 0.039
148800 0.934
148800 12.327
148800 13.643
148800 14.269
148800 17.122
148800 17.456
148800 2.754
148800 2.836
148800 20.061
148800 20.128
148800 21.037
148800 24.657
148800 26.874
148800 29.31
148800 3.696
148800 30.028
148800 32.407
148800 36.85
148800 37.119
148800 39.674
148800 4.93
148800 41.564
148800 42.861
148800 43.152
148800 44.372
148800 48.915
148800 49.101
148800 49.995
148800 5.009
148800 5.261
148800 5.287
148800 51.2
148800 52.208
148800 52.251
148800 53.667
148800 56.104
148800 56.544
148800 58.041
148800 59.468
148800 59.714
148800 59.817
148800 62.95
148800 63.182
148800 64.023
148800 65.144
148800 65.996
148800 66.77
148800 68.559
148800 69.802
148800 7.087
148800 7.215
148800 7.254
148800 70.132
148800 86.54
148800 96.847
158400 -0.036
158400 -1.001
158400 -11.169
158400 -14.113
158400 -15.205
158400 -15.589
158400 -17.535
158400 -17.674
158400 -19.378
158400 -2.112
158400 -2.511
158400 -2.803
158400 -20.177
158400 -20.452
158400 -234.843
158400 -26.734
158400 -26.742
158400 -3.544
158400 -3.552
158400 -3.951
158400 -33.367
158400 -34.246
158400 -34.368
158400 -34.471
158400 -34.945
158400 -36.479
158400 -36.919
158400 -37.45
158400 -37.511
158400 -38.474
158400 -39.321
158400 -4.842
158400 -43.385
158400 -43.617
158400 -44.279
158400 -44.531
158400 -46.007
158400 -46.668
158400 -46.852
158400 -47.319
158400 -48.047
158400 -51.871
158400 -53.141
158400 -6.428
158400 -60.095
158400 0.423
158400 11.949
158400 12.833
158400 14.836
158400 14.839
158400 17.165
158400 18.026
158400 18.845
158400 2.581
158400 2.962
158400 21.121
158400 22.563
158400 23.989
158400 27.099
158400 27.518
158400 28.257
158400 3.502
158400 34.861
158400 37.052
158400 37.886
158400 38.688
158400 38.723
158400 39.876
158400 4.758
158400 4.938
158400 40.119
158400 45.365
158400 45.917
158400 47.433
158400 48.333
158400 48.877
158400 49.635
158400 5.083
158400 5.742
158400 51.245
158400 52.53
158400 52.707
158400 54.277
158400 55.617
158400 56.219
158400 56.639
158400 59.448
158400 6.16
158400 60.093
158400 60.527
158400 61.83
158400 61.883
158400 62.319
158400 64.166
158400 66.108
158400 66.584
158400 7.206
158400 8.112
158400 81.638
158400 92.11
168000 -0.131
168000 -0.692
168000 -0.967
168000 -11.051
168000 -13.544
168000 -17.197
168000 -17.661
168000 -2.55
168000 -2.994
168000 -21.122
168000 -24.241
168000 -24.26
168000 -244.615
168000 -29.707
168000 -3.955
168000 -30.398
168000 -35.367
168000 -36.925
168000 -37.129
168000 -37.214
168000 -37.531
168000 -38.166
168000 -39
168000 -39.814
168000 -4.093
168000 -4.42
168000 -4.593
168000 -40.473
168000 -41.038
168000 -41.194
168000 -45.922
168000 -46.937
168000 -47.229
168000 -47.592
168000 -48.855
168000 -49.106
168000 -49.854
168000 -50.148
168000 -50.925
168000 -54.146
168000 -54.976
168000 -62.313
168000 -7.155
168000 0.694
168000 0.703
168000 12.976
168000 14.81
168000 15.83
168000 19.173
168000 2.93
168000 20.402
168000 22.336
168000 3.342
168000 30.604
168000 33.879
168000 36.404
168000 4.98
168000 42.062
168000 42.233
168000 43.735
168000 44.961
168000 45.059
168000 48.26
168000 48.617
168000 5.76
168000 50.366
168000 51.22
168000 52.561
168000 53.597
168000 56.421
168000 57.129
168000 57.309
168000 58.001
168000 58.498
168000 58.65
168000 6.036
168000 60.317
168000 62.248
168000 63.843
168000 7.252
168000 7.579
168000 76.777
168000 8.449
168000 88.566
177600 -0.656
177600 -1.95
177600 -11.133
177600 -12.763
177600 -18.301
177600 -19.418
177600 -2.059
177600 -2.953
177600 -23.384
177600 -251.252
177600 -27.047
177600 -27.302
177600 -3.252
177600 -3.753
177600 -32.407
177600 -32.762
177600 -37.703
177600 -37.785
177600 -38.626
177600 -38.711
177600 -4.667
177600 -4.712
177600 -40.638
177600 -41.035
177600 -41.239
177600 -41.92
177600 -41.954
177600 -42.888
177600 -43.677
177600 -48.001
177600 -48.265
177600 -49.708
177600 -49.755
177600 -5.266
177600 -50.605
177600 -50.811
177600 -51.627
177600 -51.661
177600 -53.714
177600 -55.854
177600 -56.208
177600 -63.528
177600 -7.834
177600 0.269
177600 1.438
177600 1.86
177600 13.426
177600 13.874
177600 13.991
177600 13.995
177600 17.243
177600 21.733
177600 26.778
177600 28.744
177600 3.825
177600 33.352
177600 38.761
177600 38.992
177600 39.644
177600 4.667
177600 41.936
177600 41.958
177600 44.284
177600 44.659
177600 46.743
177600 47.547
177600 49.254
177600 49.89
177600 5.809
177600 53.308
177600 53.597
177600 53.683
177600 54.714
177600 54.88
177600 55.142
177600 56.332
177600 59.363
177600 6.372
177600 6.723
177600 60.987
177600 7.749
177600 72.591
177600 8.702
177600 85.587
187200 -11.919
187200 -12.722
187200 -18.503
187200 -19.156
187200 -2.289
187200 -2.43
187200 -25.565
187200 -255.201
187200 -28.753
187200 -29.362
187200 -3.198
187200 -3.353
187200 -3.564
187200 -34.586
187200 -34.993
187200 -39.064
187200 -39.836
187200 -4.173
187200 -4.635
187200 -4.639
187200 -40.576
187200 -40.702
187200 -42.446
187200 -42.785
187200 -43.525
187200 -44.084
187200 -44.46
187200 -44.464
187200 -46.151
187200 -48.989
187200 -49.054
187200 -5.393
187200 -50.416
187200 -50.742
187200 -51.391
187200 -52.391
187200 -52.818
187200 -53.52
187200 -55.117
187200 -56.823
187200 -56.947
187200 -64.068
187200 -7.611
187200 0.356
187200 0.498
187200 1.996
187200 10.087
187200 12.775
187200 12.92
187200 13.205
187200 13.718
187200 22.689
187200 23.428
187200 24.719
187200 31.126
187200 35.469
187200 35.902
187200 36.475
187200 38.619
187200 38.863
187200 41.04
187200 41.662
187200 43.889
187200 44.277
187200 45.855
187200 46.902
187200 49.758
187200 49.865
187200 5.209
187200 5.774
187200 50.125
187200 50.205
187200 52.321
187200 52.48
187200 52.656
187200 57.123
187200 57.587
187200 6.286
187200 69.246
187200 7.066
187200 7.3
187200 7.626
187200 83.184
187200 9.558
196800 -12.254
196800 -13.589
196800 -17.446
196800 -18.869
196800 -2.66
196800 -2.861
196800 -257.37
196800 -28.164
196800 -3.691
196800 -30.071
196800 -31.377
196800 -36.351
196800 -36.541
196800 -39.412
196800 -4.128
196800 -4.197
196800 -4.312
196800 -4.55
196800 -40.958
196800 -42.057
196800 -42.116
196800 -42.332
196800 -43.524
196800 -44.49
196800 -45.064
196800 -45.597
196800 -46.227
196800 -47.791
196800 -49.388
196800 -5.611
196800 -5.802
196800 -50.064
196800 -51.179
196800 -51.695
196800 -51.773
196800 -52.334
196800 -53.102
196800 -55.667
196800 -56.295
196800 -57.394
196800 -57.517
196800 -63.974
196800 -7.672
196800 0.884
196800 10.665
196800 12.631
196800 12.671
196800 13.237
196800 18.033
196800 2.08
196800 21.784
196800 26.166
196800 27.875
196800 3.15
196800 32.034
196800 33.095
196800 33.898
196800 35.383
196800 35.729
196800 38.522
196800 38.805
196800 41.005
196800 41.349
196800 42.645
196800 44.269
196800 45.562
196800 46.201
196800 46.846
196800 46.999
196800 48.44
196800 49.182
196800 50.295
196800 54.174
196800 54.293
196800 6.23
196800 6.526
196800 6.627
196800 66.051
196800 7.304
196800 7.455
196800 7.898
196800 8.649
196800 8.689
196800 80.712
206400 -1.859
206400 -12.065
206400 -15.037
206400 -15.483
206400 -18.664
206400 -2.238
206400 -2.528
206400 -256.982
206400 -29.942
206400 -30.622
206400 -32.739
206400 -36.677
206400 -37.367
206400 -38.506
206400 -4.126
206400 -4.302
206400 -4.32
206400 -41.597
206400 -41.798
206400 -43.794
206400 -43.812
206400 -44.247
206400 -46.373
206400 -47.177
206400 -47.352
206400 -47.783
206400 -49.036
206400 -5.701
206400 -50.271
206400 -50.748
206400 -51.558
206400 -52.142
206400 -52.402
206400 -52.456
206400 -56.958
206400 -57.514
206400 -57.845
206400 -58.274
206400 -63.85
206400 -7.035
206400 -8.565
206400 0.966
206400 11.591
206400 11.745
206400 12.608
206400 13.403
206400 14.308
206400 19.457
206400 2.551
206400 24.698
206400 28.516
206400 28.625
206400 29.901
206400 3.33
206400 30.728
206400 31.739
206400 33.103
206400 35.036
206400 36.225
206400 37.155
206400 38.225
206400 39.399
206400 4.168
206400 4.325
206400 41.28
206400 41.642
206400 42.449
206400 43.401
206400 43.509
206400 44.481
206400 45.662
206400 47.323
206400 50.308
206400 50.406
206400 6.071
206400 6.9
206400 62.553
206400 7.22
206400 7.881
206400 77.465
206400 9.508
206400 9.777
216000 -0.124
216000 -0.146
216000 -1.128
216000 -1.352
216000 -11.78
216000 -12.514
216000 -13.873
216000 -15.325
216000 -18.183
216000 -2.088
216000 -254.193
216000 -29.658
216000 -30.761
216000 -32.842
216000 -36.056
216000 -36.641
216000 -37.358
216000 -4.421
216000 -4.669
216000 -41.412
216000 -41.429
216000 -45.752
216000 -46.564
216000 -47.04
216000 -48.316
216000 -48.387
216000 -48.615
216000 -49.582
216000 -49.876
216000 -49.992
216000 -5.51
216000 -50.436
216000 -51.301
216000 -51.747
216000 -51.926
216000 -56.8
216000 -57.305
216000 -57.789
216000 -60.269
216000 -63.009
216000 -7.242
216000 0.469
216000 10.534
216000 11.427
216000 12.232
216000 12.308
216000 15.193
216000 16.833
216000 22.734
216000 24.818
216000 27.27
216000 28.078
216000 28.567
216000 3.051
216000 30.553
216000 30.579
216000 31.03
216000 32.949
216000 33.033
216000 35.168
216000 37.334
216000 37.825
216000 38.434
216000 38.847
216000 39.256
216000 4.482
216000 40.069
216000 40.995
216000 42.628
216000 43.324
216000 46.559
216000 47.585
216000 5.679
216000 58.97
216000 6.643
216000 6.7
216000 74.358
216000 8.206
216000 9.333
216000 9.706
225600 -0.759
225600 -13.218
225600 -15.178
225600 -17.494
225600 -248.947
225600 -28.948
225600 -3.27
225600 -30.41
225600 -32.463
225600 -34.61
225600 -35.552
225600 -36.763
225600 -4.892
225600 -4.913
225600 -4.952
225600 -40.962
225600 -40.995
225600 -46.079
225600 -47.256
225600 -48.706
225600 -49.85
225600 -5.474
225600 -50.166
225600 -50.229
225600 -50.338
225600 -50.549
225600 -51.64
225600 -55.786
225600 -56.988
225600 -57.044
225600 -61.738
225600 -7.657
225600 11.082
225600 11.698
225600 12.927
225600 21.352
225600 22.115
225600 25.272
225600 25.471
225600 26.034
225600 27.104
225600 27.99
225600 29.232
225600 32.463
225600 34.621
225600 35.822
225600 35.964
225600 36.062
225600 36.181
225600 37.517
225600 38.381
225600 39.611
225600 4.165
225600 4.916
225600 40.494
225600 43.711
225600 45.439
225600 55.972
225600 6.136
225600 6.482
225600 71.277
225600 8.983
235200 -14.286
235200 -15.544
235200 -16.567
235200 -241.806
235200 -28.086
235200 -29.696
235200 -31.692
235200 -32.178
235200 -34.741
235200 -36.294
235200 -39.777
235200 -4.296
235200 -40.065
235200 -44.712
235200 -49.414
235200 -49.509
235200 -5.293
235200 -5.512
235200 -5.921
235200 -51.717
235200 -52.486
235200 -54.862
235200 -56.351
235200 -56.383
235200 -7.281
235200 -8.771
235200 11.475
235200 13.474
235200 19.919
235200 2.4
235200 20.394
235200 23.117
235200 23.375
235200 23.453
235200 23.556
235200 25.546
235200 25.579
235200 29.995
235200 31.582
235200 33.379
235200 33.451
235200 34.069
235200 34.198
235200 35.627
235200 35.96
235200 36.843
235200 38.451
235200 41.233
235200 42.504
235200 5.142
235200 52.704
235200 67.893
244800 -1.54
244800 -11.714
244800 -15.351
244800 -15.456
244800 -232.324
244800 -26.65
244800 -28.885
244800 -29.898
244800 -30.372
244800 -32.945
244800 -35.379
244800 -37.694
244800 -38.317
244800 -4.029
244800 -4.673
244800 -42.974
244800 -47.596
244800 -48.029
244800 -49.905
244800 -5.15
244800 -52.877
244800 -54.406
244800 -54.79
244800 -6.29
244800 -6.374
244800 11.805
244800 13.829
244800 17.551
244800 19.803
244800 20.963
244800 20.985
244800 21.213
244800 21.526
244800 22.619
244800 23.151
244800 27.41
244800 29.248
244800 30.859
244800 31.304
244800 31.728
244800 31.825
244800 33.428
244800 33.693
244800 34.102
244800 36.22
244800 39.077
244800 39.877
244800 49.754
244800 5.986
244800 64.668
254400 -13.278
254400 -14.215
254400 -2.243
254400 -221.043
254400 -25.464
254400 -26.376
254400 -27.662
254400 -28.354
254400 -30.995
254400 -34.13
254400 -35.616
254400 -36.294
254400 -4.195
254400 -4.351
254400 -4.773
254400 -4.999
254400 -41.351
254400 -45.038
254400 -46.116
254400 -47.307
254400 -49.823
254400 -51.701
254400 -6.385
254400 12.479
254400 14.894
254400 14.984
254400 19.079
254400 19.158
254400 19.294
254400 19.357
254400 19.884
254400 20.219
254400 20.907
254400 25.461
254400 26.601
254400 28.133
254400 28.87
254400 29.692
254400 29.743
254400 30.758
254400 31.592
254400 31.824
254400 33.644
254400 35.985
254400 37.597
254400 47.175
254400 6.832
254400 62.621
264000 -11.122
264000 -16.515
264000 -2.312
264000 -207.89
264000 -23.005
264000 -24.053
264000 -26.217
264000 -26.592
264000 -28.65
264000 -3.696
264000 -32.471
264000 -33.714
264000 -34.452
264000 -38.985
264000 -4.369
264000 -42.998
264000 -44.87
264000 -46.196
264000 -47.933
264000 -49.96
264000 -5.239
264000 -5.693
264000 -8.482
264000 12.052
264000 13.182
264000 16.668
264000 17.093
264000 17.207
264000 17.64
264000 18.378
264000 18.38
264000 18.773
264000 19.343
264000 23.814
264000 24.479
264000 25.69
264000 26.513
264000 27.896
264000 28.246
264000 29.303
264000 29.631
264000 29.947
264000 31.256
264000 33.297
264000 35.181
264000 44.324
264000 61.458
264000 7.193
273600 -11.649
273600 -19.962
273600 -192.95
273600 -2.634
273600 -21.943
273600 -24.679
273600 -24.86
273600 -26.756
273600 -3.38
273600 -31.305
273600 -31.809
273600 -32.478
273600 -36.59
273600 -4.36
273600 -41.377
273600 -43.309
273600 -44.949
273600 -46.682
273600 -48.525
273600 -5.359
273600 -6.034
273600 -8.81
273600 11.464
273600 12.635
273600 15.244
273600 15.908
273600 15.925
273600 16.793
273600 17.4
273600 17.554
273600 17.736
273600 22.326
273600 23.123
273600 23.936
273600 24.915
273600 25.959
273600 26.325
273600 28.031
273600 28.036
273600 28.091
273600 29.329
273600 31.516
273600 33.307
273600 42.199
273600 59.441
273600 7.983
283200 -15.453
283200 -177.908
283200 -19.563
283200 -22.618
283200 -23.065
283200 -24.009
283200 -29.567
283200 -29.653
283200 -3.132
283200 -3.2
283200 -30.537
283200 -33.808
283200 -39.523
283200 -4.511
283200 -42.045
283200 -43.49
283200 -44.866
283200 -46.758
283200 -5.249
283200 -6.784
283200 -7.939
283200 11.046
283200 11.905
283200 13.384
283200 14.274
283200 14.833
283200 15.541
283200 15.824
283200 16.212
283200 21.035
283200 21.299
283200 21.899
283200 22.872
283200 24.177
283200 24.477
283200 25.734
283200 26.419
283200 26.551
283200 27.476
283200 29.231
283200 31.886
283200 40.23
283200 56.906
283200 9.385
292800 -162.373
292800 -17.634
292800 -18.446
292800 -2.336
292800 -2.913
292800 -20.102
292800 -21.385
292800 -21.452
292800 -26.885
292800 -27.572
292800 -28.143
292800 -31.6
292800 -37.434
292800 -39.807
292800 -4.002
292800 -4.914
292800 -41.37
292800 -42.332
292800 -44.201
292800 -6.796
292800 -7.502
292800 10.797
292800 10.798
292800 11.278
292800 11.634
292800 13.075
292800 13.862
292800 14.689
292800 14.906
292800 15.031
292800 18.557
292800 19.893
292800 20.6
292800 20.757
292800 22.535
292800 23.241
292800 23.541
292800 24.621
292800 25.057
292800 25.778
292800 27.32
292800 30.372
292800 38.691
292800 53.921
302400 -0.882
302400 -146.75
302400 -15.489
302400 -17.683
302400 -18.625
302400 -19.168
302400 -21.665
302400 -24.172
302400 -24.661
302400 -25.108
302400 -29.325
302400 -3.039
302400 -3.575
302400 -34.941
302400 -37.146
302400 -38.909
302400 -39.502
302400 -4.201
302400 -41.6
302400 -6.79
302400 -7.296
302400 10.315
302400 10.646
302400 11.676
302400 12.656
302400 12.724
302400 12.758
302400 13.202
302400 13.951
302400 16.724
302400 17.98
302400 18.472
302400 19.368
302400 21.001
302400 21.377
302400 22.055
302400 22.841
302400 23.358
302400 23.826
302400 25.511
302400 28.532
302400 36.651
302400 51.381
302400 9.512
312000 -13.591
312000 -15.348
312000 -16.034
312000 -16.557
312000 -2.959
312000 -21.544
312000 -22.295
312000 -26.624
312000 -3.186
312000 -3.549
312000 -32.742
312000 -34.966
312000 -36.335
312000 -36.872
312000 -39.689
312000 -6.741
312000 0.388
312000 10.905
312000 11.096
312000 11.214
312000 14.751
312000 16.041
312000 16.308
312000 17.465
312000 19.473
312000 19.526
312000 20.429
312000 20.666
312000 21.715
312000 22.01
312000 23.196
312000 26.415
312000 34.109
312000 49.623
312000 7.435
312000 9.521
312000 9.545
312000 9.694
321600 -11.931
321600 -12.96
321600 -13.55
321600 -14.067
321600 -19.167
321600 -2.178
321600 -20.186
321600 -24.371
321600 -3.07
321600 -3.277
321600 -30.74
321600 -33.126
321600 -34.005
321600 -34.052
321600 -37.972
321600 -5.984
321600 0.855
321600 10.043
321600 10.286
321600 12.68
321600 13.157
321600 14.794
321600 15.222
321600 17.675
321600 17.802
321600 18.158
321600 19.65
321600 19.786
321600 19.837
321600 20.881
321600 24.26
321600 32.147
321600 48.019
321600 5.788
321600 8.069
321600 8.473
321600 9.045
321600 9.819
331200 -1.035
331200 -1.713
331200 -10.457
331200 -11.306
331200 -15.487
331200 -17.057
331200 -2.468
331200 -20.698
331200 -28.352
331200 -29.991
331200 -30.675
331200 -30.93
331200 -35.216
331200 -5.186
331200 -8.973
331200 -9.411
331200 1.898
331200 10.116
331200 10.871
331200 11.113
331200 12.464
331200 14.748
331200 15.086
331200 16.847
331200 16.874
331200 17.323
331200 17.513
331200 18.704
331200 19.36
331200 22.588
331200 31.17
331200 4.496
331200 47.309
331200 7.382
331200 7.962
331200 9.062
331200 9.252
331200 9.488
340800 -0.018
340800 -0.407
340800 -1.991
340800 -12.68
340800 -14.239
340800 -17.471
340800 -25.773
340800 -27.153
340800 -27.335
340800 -27.834
340800 -32.506
340800 -4.604
340800 -6.787
340800 -6.861
340800 -7.47
340800 -9.111
340800 10.588
340800 13.113
340800 14.481
340800 14.651
340800 15.21
340800 15.301
340800 15.932
340800 16.606
340800 18.464
340800 20.834
340800 29.556
340800 3.033
340800 3.348
340800 45.848
340800 6.754
340800 6.989
340800 7.799
340800 8.107
340800 8.92
340800 9.376
340800 9.437
340800 9.591
350400 -1.522
350400 -10.219
350400 -12.132
350400 -14.345
350400 -23.036
350400 -24.132
350400 -24.77
350400 -25.161
350400 -29.768
350400 -4.406
350400 -4.619
350400 -4.777
350400 -4.79
350400 -6.603
350400 0.583
350400 0.962
350400 10.827
350400 11.491
350400 13.19
350400 13.774
350400 14.039
350400 14.471
350400 15.606
350400 17.536
350400 19.841
350400 28.418
350400 3.013
350400 4.235
350400 43.942
350400 5.825
350400 6.574
350400 6.85
350400 6.891
350400 7.225
350400 7.903
350400 8.045
350400 8.73
350400 9.519
360000 -1.948
360000 -11.825
360000 -2.86
360000 -2.934
360000 -20.576
360000 -21.438
360000 -22.706
360000 -23.944
360000 -27.568
360000 -3.263
360000 -4.757
360000 -5.192
360000 -8.643
360000 -9.993
360000 0.539
360000 1.013
360000 10.835
360000 11.862
360000 12.64
360000 13.446
360000 15.364
360000 16.817
360000 18.715
360000 2.403
360000 27.2
360000 3.707
360000 4.573
360000 4.87
360000 42.226
360000 5.125
360000 5.584
360000 6.312
360000 6.461
360000 7.624
360000 8.239
360000 8.532
360000 9.034
360000 9.278
369600 -0.718
369600 -1.217
369600 -1.397
369600 -18.567
369600 -19.208
369600 -2.409
369600 -20.92
369600 -23.801
369600 -25.793
369600 -3.839
369600 -5.433
369600 -6.02
369600 -7.745
369600 -9.496
369600 0.554
369600 0.674
369600 1.147
369600 1.601
369600 11.241
369600 12.412
369600 14.875
369600 17.122
369600 17.26
369600 2.744
369600 25.789
369600 3.598
369600 4.413
369600 4.575
369600 4.78
369600 40.691
369600 5.904
369600 5.951
369600 6.951
369600 7.854
369600 8.098
369600 8.507
369600 8.884
369600 9.651
379200 -1.427
379200 -1.553
379200 -17.27
379200 -17.362
379200 -19.572
379200 -23.362
379200 -24.6
379200 -3.007
379200 -3.226
379200 -4.662
379200 -6.792
379200 -6.831
379200 0.094
379200 0.3
379200 0.886
379200 1.016
379200 1.11
379200 1.436
379200 10.513
379200 11.645
379200 14.338
379200 16.107
379200 16.54
379200 2.027
379200 2.13
379200 24.564
379200 3.077
379200 3.205
379200 3.844
379200 3.888
379200 39.462
379200 5.798
379200 5.959
379200 6.527
379200 6.627
379200 6.737
379200 7.372
379200 7.44
388800 -0.007
388800 -0.568
388800 -0.744
388800 -15.607
388800 -16.177
388800 -17.883
388800 -2.091
388800 -22.082
388800 -23.245
388800 -3.892
388800 -4.184
388800 -7.622
388800 0.714
388800 10.24
388800 10.662
388800 13.503
388800 15.107
388800 15.679
388800 2.113
388800 23.375
388800 3.049
388800 3.333
388800 3.603
388800 3.667
388800 38.133
388800 4.406
388800 5.656
388800 5.914
388800 6.605
388800 7.488
398400 -0.974
398400 -1.217
398400 -14.089
398400 -14.531
398400 -16.007
398400 -20.642
398400 -21.892
398400 -4.118
398400 -7.779
398400 1.2
398400 12.401
398400 14.116
398400 14.755
398400 22.047
398400 3.621
398400 37.085
398400 5.001
398400 5.462
398400 5.881
398400 7.91
398400 9.613
398400 9.809
408000 -1.553
408000 -1.771
408000 -12.277
408000 -13.326
408000 -13.6
408000 -18.087
408000 -20.415
408000 -3.639
408000 -7.245
408000 0.344
408000 11.2
408000 13.722
408000 13.985
408000 21.159
408000 3.467
408000 36.121
408000 4.416
408000 5.558
408000 5.775
408000 7.894
408000 8.673
408000 9.145
417600 -0.55
417600 -1.768
417600 -11.45
417600 -12.071
417600 -15.137
417600 -18.743
417600 -2.395
417600 -2.819
417600 -6.266
417600 -9.818
417600 10.387
417600 12.964
417600 13.126
417600 20.304
417600 34.093
417600 4.37
417600 4.408
417600 5.463
417600 6.325
417600 7.198
417600 8.375
417600 8.605
427200 -0.717
427200 -1.507
427200 -12.389
427200 -17.26
427200 -2.496
427200 -2.746
427200 -6.316
427200 -7.319
427200 -9.417
427200 -9.829
427200 12.21
427200 12.871
427200 20.21
427200 32.319
427200 4.2
427200 5.24
427200 5.34
427200 6.597
427200 7.021
427200 7.419
427200 7.741
427200 9.778
436800 -1.306
436800 -10.894
436800 -16.368
436800 -2.121
436800 -2.358
436800 -2.889
436800 -5.628
436800 -6.941
436800 -8.594
436800 -8.626
436800 11.921
436800 13.085
436800 19.893
436800 3.637
436800 30.692
436800 4.945
436800 5.357
436800 5.595
436800 6.412
436800 7.061
436800 7.249
436800 9.036
446400 -1.625
446400 -15.22
446400 -2.971
446400 -3.048
446400 -3.295
446400 -4.13
446400 -7.388
446400 -7.739
446400 -7.994
446400 -9.357
446400 11.974
446400 12.877
446400 19.547
446400 29.128
446400 3.233
446400 4.324
446400 4.937
446400 5.308
446400 5.653
446400 7.034
446400 7.741
446400 8.005
456000 -14.034
456000 -2.422
456000 -2.842
456000 -3.543
456000 -4.226
456000 -4.35
456000 -6.526
456000 -7.107
456000 -7.818
456000 -8.299
456000 1.814
456000 10.811
456000 11.177
456000 18.755
456000 2.824
456000 26.4
456000 3.984
456000 4.328
456000 5.187
456000 6.393
456000 6.503
456000 7.199
465600 -12.687
465600 -2.032
465600 -3.152
465600 -4.114
465600 -4.77
465600 -4.903
465600 -4.984
465600 -5.98
465600 -6.522
465600 -9.203
465600 0.344
465600 1.279
465600 17.331
465600 24.285
465600 3.556
465600 3.72
465600 4.861
465600 5.348
465600 6.106
465600 6.684
465600 9.606
465600 9.941
475200 -0.264
475200 -0.413
475200 -10.59
475200 -3.064
475200 -3.222
475200 -3.578
475200 -4.684
475200 -4.923
475200 -5.016
475200 -5.716
475200 -9.495
475200 0.568
475200 15.999
475200 23.009
475200 3.038
475200 3.253
475200 4.596
475200 5.203
475200 5.896
475200 6.421
475200 9.247
475200 9.654
484800 -1.065
484800 -1.726
484800 -2.764
484800 -3.298
484800 -3.768
484800 -4.32
484800 -4.859
484800 -5.979
484800 -8.815
484800 -9.955
484800 0.096
484800 1.358
484800 15.06
484800 2.149
484800 2.394
484800 22.094
484800 3.964
484800 4.967
484800 5.329
484800 6.924
484800 8.59
484800 9.853
494400 -0.222
494400 -0.587
494400 -1.191
494400 -1.756
494400 -2.138
494400 -2.53
494400 -4.619
494400 -4.697
494400 -6.034
494400 -7.272
494400 -9.953
494400 1.361
494400 10.321
494400 15.397
494400 2.234
494400 2.516
494400 21.382
494400 3.09
494400 4.75
494400 6.007
494400 7.459
494400 8.625
504000 -0.432
504000 -1.077
504000 -1.76
504000 -1.97
504000 -2.083
504000 -4.524
504000 -4.927
504000 -6.46
504000 -6.749
504000 -9.816
504000 0.077
504000 1
504000 1.917
504000 11.259
504000 15.673
504000 2.714
504000 2.745
504000 20.648
504000 4.238
504000 5.881
504000 7.496
504000 8.549
513600 -0.096
513600 -0.402
513600 -1.299
513600 -2.534
513600 -2.576
513600 -4.514
513600 -4.677
513600 -6.31
513600 -6.965
513600 -9.214
513600 0.862
513600 1.089
513600 1.683
513600 11.924
513600 14.887
513600 19.89
513600 2.544
513600 3.89
513600 4.876
513600 6.111
513600 7.698
513600 8.862
523200 -0.659
523200 -2.596
523200 -2.914
523200 -3.55
523200 -4.234
523200 -5.218
523200 -6.954
523200 -8.228
523200 0.378
523200 0.492
523200 1.136
523200 1.177
523200 1.935
523200 11.95
523200 13.539
523200 18.829
523200 2.944
523200 6.012
523200 6.063
523200 6.133
523200 7.444
523200 8.898
532800 -2.907
532800 -2.986
532800 -2.994
532800 -4.096
532800 -4.363
532800 -6.592
532800 -7.747
532800 0.039
532800 0.173
532800 0.483
532800 0.791
532800 1.354
532800 11.521
532800 12.328
532800 16.749
532800 2.519
532800 2.952
532800 5.529
532800 6.826
532800 7.703
532800 8.124
532800 8.902
542400 -1.158
542400 -2.297
542400 -2.529
542400 -2.963
542400 -3.72
542400 -3.999
542400 -6.849
542400 -7.496
542400 0.431
542400 0.611
542400 0.849
542400 1.528
542400 10.491
542400 11.168
542400 14.305
542400 2.527
542400 4.159
542400 4.414
542400 6.231
542400 7.594
542400 8.356
542400 9.743
552000 11.872
552000 9.477
561600 10.496
561600 8.54
571200 7.005
571200 8.06
580800 6.317
580800 6.474
590400 6.116
590400 6.46
600000 4.337
600000 5.462
609600 2.647
609600 4.176
