ORF,N_FC_Strains,mean_FoldChangeExpression,median_FoldChangeExpression,p
YDL008W,4,-0.103794603978972,-0.279883760052509,0.489282440942401
YDL009C,4,-0.100589310999744,-0.0984535479711697,0.957256255225377
YDL010W,4,0.0426505847537367,0.0689993644344655,0.210756509636125
YDL011C,4,0.0127836109133965,0.0308615696526439,0.767354409801705
YDL012C,3,-0.0296233826113323,0.0479593959791799,0.369679827972884
YDL013W,3,-0.00402712534979531,-0.0159240833596678,0.369721134409108
YDL014W,5,0.137747620764231,0.047593358013036,0.369070683115667
YDL015C,5,0.117347533095507,0.158725781973919,0.0629087319470962
YDL016C,5,0.104739191704694,0.105102335556336,0.192862963354064
YDL017W,5,0.0399504407442815,0.0599060789571359,0.331148098051753
YDL018C,5,-0.0134326685841563,-0.000771126761513913,0.478149545496607
YDL019C,5,-0.0321904376273375,0.0750265441735063,0.956986334531387
YDL020C,5,0.0641898559328743,0.0704765566339279,0.307528109208833
YDL021W,3,0.45853658336019,0.398501881229922,0.831773397146231
YDR006C,3,0.118511746708522,0.141539373400705,0.0735535364403779
YDR007W,3,0.187879812183033,0.226227130950731,0.771520843622733
YDR008C,3,0.23561442261409,0.246576866825843,0.953771152441125
YDR009W,3,0.0959914648722144,0.0472655166364253,0.94439260595126
YDR010C,3,-0.0944671248576112,-0.13279946053791,0.259064627951007
YDR011W,3,0.115731514521578,0.110292260884865,0.0565772826740942
YDR012W,3,-0.159848771153077,-0.101777352502468,0.740934838659984
YDR013W,3,0.0218751432368925,-0.0122490447187777,0.0971986491068998
YDR014W,2,-0.264366052854525,-0.264366052854525,0.650809420062823
YDR496C,1,0.440689299903636,0.440689299903636,0.0107951732506558
YDR497C,1,-0.245083776561723,-0.245083776561723,0.060748148090885
YDR498C,1,-0.0454655347927134,-0.0454655347927134,0.995288832193121
YDR499W,1,0.113888659570473,0.113888659570473,0.0188680480763882
YDR500C,1,0.0944776321062634,0.0944776321062634,0.79425707220797
YDR501W,1,-0.0748633567445572,-0.0748633567445572,0.368872926141733
YDR502C,1,-0.759074983074091,-0.759074983074091,0.221405135323385
YDR503C,1,-0.260825044210096,-0.260825044210096,0.000170453186278786
YDR504C,1,-0.0225334248080675,-0.0225334248080675,0.563833744719072
YDR505C,2,0.133452831793814,0.133452831793814,0.289223530007268
YDR506C,2,-0.114874199849206,-0.114874199849206,0.12981882499833
YDR507C,5,-0.106115560762921,-0.11232301674694,0.893586765766101
YDR508C,5,-0.103332583089233,-0.144878238857839,0.177334705394291
YDR509W,5,0.855578013957309,0.614458010779308,0.00160095792080706
YDR510C-A,10,0.497432485191049,0.384366814284325,0.0673797163161189
YDR510W,10,-0.121693173829128,-0.141312249696625,0.00148305646989682
YDR511W,10,0.0235687123896673,0.0335685426462558,0.715818138162881
YDR512C,10,-0.123476876754924,-0.170906014148046,0.0929129205236408
YDR513W,10,0.129107718671701,0.176078507215806,0.194593555294087
YDR514C,10,0.181004332735415,0.0171408759690966,0.179299191440705
YDR515W,10,0.508051651232533,0.43941912635653,0.000184443467777702
YDR516C,10,-0.0489590406516173,0.129632388537808,0.85220382930548
YDR517W,10,-0.223037342605973,-0.230664169481291,0.000523718739586739
YDR518W,10,-0.203190899528864,-0.232961985689894,0.00337026454486044
YDR519W,10,-0.288402904866511,-0.284516830298928,1.20276953758483e-05
YDR520C,10,0.215024610296572,0.107079431140422,0.0293762389138141
YDR521W,10,-0.492889517013979,-0.533516368315262,0.00018664248826225
YDR522C,10,0.41510602163123,0.390969602307385,0.00691360301549465
YDR523C,10,0.745085012995289,0.692786941068619,0.0012078751079473
YDR524C,10,0.542435171352411,0.509354276344222,6.93413865571301e-05
YDR524C-A,10,-1.51670545605523,-1.4609355358039,0.00209472943370141
YDR524C-B,10,0.00280966004911899,-0.0299815263448757,0.973085211573022
YDR524W-C,10,0.895000874053033,0.365806730034735,0.057918906729811
YDR525W,10,0.317265206895572,0.301515977269956,0.0211516794752963
YDR525W-A,10,0.21266211618647,0.357982722116284,0.258694702857057
YDR526C,10,0.122829234939803,0.129286000960104,0.115784682246237
YDR527W,10,0.168060780698947,0.0689165749865221,0.0857850155486406
YDR528W,10,-0.144737307854118,-0.311753454723059,0.379792377832377
YDR529C,10,0.37597637882176,0.343364020644472,0.00118780926514824
YDR530C,10,-0.0395549887819579,0.010664089949795,0.47691260096744
YDR531W,10,0.134379048652286,0.185560724319831,0.158563263725248
YDR532C,10,0.1706492158811,0.203446658678657,0.00303925239056655
YDR533C,10,0.134327007057493,-0.124277115661547,0.686807107978028
YDR534C,10,0.411176108057889,0.40289673540735,0.0001958700370724
YDR535C,10,0.161849608283253,0.244300376638335,0.155548015256676
YDR536W,10,0.440022520106182,0.346849158389791,0.000464763459745777
YDR537C,10,-0.122293206809798,-0.164435819373598,0.100004690802859
YDR538W,10,0.161199129380199,0.124339876836761,0.00124418553534681
YDR539W,10,0.0512552619841599,0.0501584100647336,0.237253894168056
YDR540C,10,NaN,NaN,NaN
YDR541C,10,NaN,NaN,NaN
YDR542W,10,NaN,NaN,NaN
YDR543C,10,NaN,NaN,NaN
YDR544C,10,NaN,NaN,NaN
YDR545C-A,10,NaN,NaN,NaN
YDR545W,10,NaN,NaN,NaN
YLR431C,1,-0.161811630664808,-0.161811630664808,0.303106803200281
YLR432W,1,0.0409863464390615,0.0409863464390615,0.473666422114178
YLR433C,1,-0.0685424301451009,-0.0685424301451009,0.516999603433454
YLR434C,1,-0.333033426588968,-0.333033426588968,0.717474159044078
YLR435W,1,0.0412858629541328,0.0412858629541328,0.302017628157207
YLR436C,2,-0.0953813460492517,-0.0953813460492517,0.211302807858682
YLR437C,2,-0.24257800648309,-0.24257800648309,0.305823005862792
YLR437C-A,2,-0.421421101262089,-0.421421101262089,0.313911189135199
YLR438C-A,2,0.110719668287642,0.110719668287642,0.833560415749908
YLR438W,2,-0.168277440420095,-0.168277440420095,0.716689516116397
YLR439W,2,-0.0977681887920789,-0.0977681887920789,0.628509403670831
YLR440C,2,-0.057214983530503,-0.057214983530503,0.753491586824461
YLR441C,2,0.0159769518696458,0.0159769518696458,0.890541869294705
YLR442C,2,0.0397069028560656,0.0397069028560656,0.730303608503776
YLR443W,2,-0.0858085801013986,-0.0858085801013986,0.545425026143821
YLR444C,2,-0.0238770177225935,-0.0238770177225935,0.227839108375105
YLR445W,2,-0.714711785312137,-0.714711785312137,0.620552862840483
YLR446W,2,-0.136634671355555,-0.136634671355555,0.672534770396241
YLR447C,2,0.0193383625246559,0.0193383625246559,0.87429841143294
YLR448W,2,-0.0834054830156181,-0.0834054830156181,0.29169471173046
YLR449W,2,-0.140329612142471,-0.140329612142471,0.660550401399556
YLR450W,2,0.00287884623476011,0.00287884623476011,0.353818626657141
YLR451W,2,0.101022983532066,0.101022983532066,0.0922168347569269
YLR452C,2,-0.17593942736734,-0.17593942736734,0.579209846971819
YLR453C,2,-0.313589536558711,-0.313589536558711,0.793379208861714
YLR454W,2,0.0648267102508033,0.0648267102508033,0.909621741977757
YLR455W,2,-0.0323645717269358,-0.0323645717269358,0.878142744913485
YLR456W,2,-0.169394545128925,-0.169394545128925,0.86623197109093
YLR457C,2,0.105096018796492,0.105096018796492,0.203581531612611
YLR458W,2,0.489936163631784,0.489936163631784,0.949313375581475
YLR459W,2,0.063309214984054,0.063309214984054,0.644286330459226
YLR460C,2,NaN,NaN,0.112095436370212
YLR461W,2,NaN,NaN,0.441997287627403
YLR462W,2,NaN,NaN,0.151593880088105
YLR463C,2,NaN,NaN,0.849472556393244
YLR464W,2,NaN,NaN,NaN
YLR465C,2,NaN,NaN,0.743558361550256
YLR466C-A,2,NaN,NaN,0.685666657322576
YLR466C-B,2,NaN,NaN,0.589484304641125
YLR466W,2,NaN,NaN,0.670032988335925
YLR467C-A,2,NaN,NaN,0.685666657322576
YLR467W,2,NaN,NaN,0.863543198856379
YOR369C,8,-0.0488657931389336,-0.0757772887930989,0.396270711490588
YOR370C,8,0.0260863776027513,-0.00654535411388012,0.685985611499187
YOR371C,8,0.12440862760078,0.0940626038366887,0.0865977597999753
YOR372C,8,0.189343812163,0.154469734010503,0.0188071521282561
YOR373W,8,0.180538732726598,0.07950281223975,0.134676739172429
YOR374W,8,0.366990233522409,0.463935536358672,0.0434627574793873
YOR375C,8,-0.18497208536471,-0.195517892601423,0.334621900850421
YOR376W,8,0.443703782948686,0.499284486551834,0.00171281633198308
YOR376W-A,8,-0.0683696389622691,-0.124432466982456,0.508027672814628
YOR377W,8,0.00145102414006148,-0.0748256844602058,0.816684415560727
YOR378W,8,0.419713349735358,0.367747164748141,0.00100518285312615
YOR379C,8,0.606156036642699,0.843412093460961,0.0246643710474191
YOR380W,8,0.104097465812268,0.0870025255346722,0.00543689657948406
YOR381W,8,0.370538902623632,0.34585999298291,0.000311292658751053
YOR381W-A,8,0.437231799378531,0.428540977799044,0.0113036257356673
YOR382W,8,0.445441267620706,0.193674861213167,0.123832875101005
YOR383C,8,-0.0628742449698492,-0.159444286274724,0.930426415258594
YOR384W,8,-0.0520176130223135,0.0147006718441107,0.407468408169515
YOR385W,8,-0.0132476844274317,0.265739669368664,0.939250806987256
YOR386W,8,-0.347947532291325,-0.227856223349243,0.0839529519462434
YOR387C,8,NaN,NaN,0.617218995272095
YOR388C,8,NaN,NaN,0.5
YOR389W,8,NaN,NaN,0.5
YOR390W,8,NaN,NaN,0.629797420825002
YOR391C,8,NaN,NaN,0.5
YOR392W,8,NaN,NaN,0.5
YOR393W,8,NaN,NaN,0.5
YOR394C-A,8,NaN,NaN,0.5
YOR394W,8,NaN,NaN,0.927875708213189
YOR396C-A,8,NaN,NaN,0.5
YOR396W,8,NaN,NaN,0.5
YOL003C,7,0.339625281983965,0.339611734261017,0.0096010038720222
YOL004W,7,0.148050661984247,0.178560802221608,0.00446304937343645
YOL005C,7,0.05896438823523,0.0666428371941632,0.043533446781901
YOL006C,7,0.0360576281508942,-0.0421325653865892,0.948088308929467
YOL007C,7,0.197879537806481,-0.0658640868463267,0.354551248980306
YOL008W,7,0.266731304784752,0.223599507583933,0.00702045748904256
YOL009C,7,0.0776086700496292,0.00923853349111925,0.235290812273318
YOL010W,7,0.256352189407559,0.0402597374405385,0.420753448413079
YOL011W,7,0.263609630052212,0.273118100541277,0.00157635324336222
YOL012C,7,-0.0160049252938401,0.00951423151255656,0.471820299452407
YOL013C,7,-0.00268391712064866,0.0296910180810379,0.893640247773922
YOL013W-A,7,0.669796971208151,0.306154447978588,0.181114717815226
YOL013W-B,7,0.902798602662287,1.09050241875381,0.14034235237411
YOL014W,7,0.231046080462691,0.512543716344166,0.526162157173807
YOL015W,7,0.253992754007187,0.475453504016709,0.347258013745152
YOL016C,7,0.00546793948121308,0.432144262930457,0.831470141580729
YOL017W,7,0.155804779170566,0.00850673782596938,0.344934505520902
YOL018C,7,-0.020461343165415,-0.048556935425428,0.747471812556657
YOL019W,7,0.0875241344059182,-0.0277151782047935,0.308297737977753
YOL019W-A,7,2.11697138232166,2.25228848504337,0.00583635884648869
YOL020W,7,0.239310672865364,0.1567498937978,0.030810587234436
YOL021C,7,0.184964719041083,0.0260159323719426,0.227044536607361
YOL022C,7,0.277803520276936,0.247238585259631,0.0734714537921788
YOL023W,6,0.047271708292749,-0.000237631164556603,0.0914168054766883
YOL024W,6,0.136787557648277,-0.043070138697851,0.373614043254927
YOL025W,7,0.10727962676201,0.0663925874817966,0.0210572626259314
YOL026C,7,0.0768007926785176,0.0998741375343001,0.0359373557847194
YOL027C,7,0.00970896658882078,0.00906822223885781,0.837226843086552
YOR004W,5,0.621168277119268,0.350239061414825,0.0487736367405088
YOR005C,7,0.0268798932920455,0.0443399145741505,0.462360781082112
YOR006C,7,0.118925526027652,0.0394058095475259,0.451742988494829
YOR007C,7,0.269233257251537,0.328860777270886,0.0154867438224876
YOR008C,7,0.0137132629029,0.0239101660666195,0.560723241628232
YOR008C-A,7,0.996701781863688,1.12741390879124,0.0394849903315099
YOR008W-B,7,0.511501419810931,0.426929883379443,0.0288848401972468
YOR009W,7,0.415899678805648,0.306664908087565,0.0198298784495888
YOR010C,7,0.110775141120768,0.14236334898003,0.0888837191378754
YOR011W,7,0.319116598362541,0.223406578113969,0.0609060560956836
YOR011W-A,7,0.480115952810436,0.566786048270591,0.144590416681953
YOR012W,7,0.348282461910213,0.316381765476691,0.00489574461561285
YOR013W,7,0.110552797776016,0.115585606392317,0.0257228838762845
YOR014W,7,0.06395861786694,0.0119609657745132,0.28889270642166
YOR365C,4,0.206528033420692,0.182540020734201,0.0138019738133569
YOR366W,4,-0.27530390215422,-0.280892724569782,0.78327910178585
YOR367W,4,0.182722742501571,0.201080866741092,0.0134750752887492
YOR368W,4,0.118035299371118,0.0407803860572754,0.0305748557276551
YER165C-A,2,0.35978087508115,0.35978087508115,0.468762221449165
YER165W,1,-0.0420302827486967,-0.0420302827486967,0.019640538092324
YER166W,2,0.177314229666164,0.177314229666164,0.192930985674296
YER167W,4,0.089841105775228,0.110783569715704,0.0878494865420312
YER168C,4,0.354343916255666,0.300743903056296,0.112676879273164
YER169W,4,0.24748722284032,0.261385228531377,0.00717880731631565
YER170W,4,0.0369490835922849,0.0422613857239783,0.846370122063306
YER171W,4,0.423789554419882,0.340865268368836,0.137092508804524
YER172C,4,0.46287812347002,0.459090874662282,0.0130094530621859
YER172C-A,4,0.226788187005293,0.205333177678197,0.694588558633936
YER173W,4,0.417662563753471,0.330343690367983,0.0957882509785561
YER174C,4,-0.188147399416797,-0.174126414610742,0.0111200975841038
YER175C,4,-0.364001139986194,-0.32875333700984,0.0989626622565622
YER175W-A,4,1.05923437252004,1.01930679390335,0.0577743062101188
YER176W,4,0.364145054213469,0.365176616069379,0.0531749788861696
YER177W,4,-0.0902529842638394,-0.0138568496675322,0.709908018290113
YER178W,4,-0.0616022244662468,-0.0613306390493558,0.232145135436747
YER179W,4,-0.193291771148685,-0.282268908107865,0.0631375234566259
YER180C,4,0.359247753213717,0.340191097783467,0.0171293762022736
YER180C-A,4,0.160548112184733,0.207685650186402,0.226654311793966
YER181C,4,0.365387574238694,0.523033111507188,0.364274617722833
YER182W,4,-0.0595118217114484,0.0646274730360561,0.76848204103796
YER183C,4,0.114157216076631,0.132003612735711,0.206310715062504
YER184C,4,0.106665255593826,0.188584327019843,0.739104039797695
YER185W,4,0.318328968049908,0.326977174035972,0.0129127972450596
YER186C,4,NaN,NaN,0.477263859433764
YER187W,4,NaN,NaN,0.368024703488234
YER188C-A,4,NaN,NaN,0.681092703105258
YER188W,4,NaN,NaN,0.980116629853404
YER189W,4,NaN,NaN,0.624347012133269
YER190C-A,4,NaN,NaN,0.748642178176465
YER190W,4,NaN,NaN,0.973873432255782
YOL141W,6,0.717544725223454,0.448295650582573,0.0371658943416783
YOL142W,6,0.253186100634261,0.200774069767029,0.165188100396423
YOL143C,6,-0.36624618298954,-0.340077404513912,0.153616871059437
YOL144W,6,0.371140768882694,0.0797328486599593,0.145080988253768
YOL145C,6,0.146369294028078,0.086811800679342,0.178800356681784
YOL146W,6,0.254869474022658,0.253408977732606,0.106380035670081
YOL147C,6,0.224786709487333,0.158444357035138,0.0464472710811686
YOL148C,6,0.159125237687932,0.147496443675475,0.0303280613197405
YOL149W,6,0.367468544979825,0.299945990174318,0.0281264871751954
YOL150C,6,-0.727047432353821,-0.850181608744934,0.00999082395593717
YOL151W,6,-0.394957323612861,-0.511060602474508,0.106847457486632
YOL152W,6,0.172231125601044,0.0114397604579104,0.234778311825485
YOL154W,6,0.117818420552207,0.124665113854094,0.312462364097419
YOL155C,6,-0.199487193990088,-0.193483040114437,0.156669244739985
YOL155W-A,6,0.512410046259772,0.450581120552279,0.0904186669874302
YOL156W,6,0.304646211679724,0.217873365531292,0.0478607162003542
YOL157C,6,0.696124787020692,0.76228197005845,0.00260207877442427
YOL158C,6,0.842478982106257,0.856531722965516,0.00584445572146398
YOL159C,6,0.212298440048853,0.170950023674178,0.126772056262193
YOL159C-A,6,0.0922125451960136,0.0711771629153382,0.560882744621764
YOL160W,6,0.894424059438746,1.0509911757209,0.0605105313322201
YOL161C,6,0.594648213992784,0.349777453568888,0.0479875436627421
YOL162W,6,0.616990584848403,0.636641095390787,0.0102208068900232
YOL163W,6,0.666390796098483,0.677998382155344,0.00118681698855167
YOL164W,6,0.347654307640211,0.281762025055093,0.0383592561249969
YOL164W-A,6,NaN,NaN,0.210621695972538
YOL165C,6,NaN,NaN,0.888462553294016
YOL166C,6,NaN,NaN,0.5307324187898
YOL166W-A,6,NaN,NaN,NaN
YOR015W,6,0.0582239271240826,0.129714373407721,0.414321834355019
YOR016C,6,0.205355048001524,0.112281658984257,0.0498994054999591
YOR017W,6,0.143218559604812,0.150042170916021,0.0445899621346619
YOR018W,5,-0.058300585293488,0.00947752230640826,0.598491183973173
YEL001C,3,0.122359927060138,0.161861145023621,0.717081764537297
YEL002C,3,0.147624891217496,0.162382872634728,0.0243736939453808
YEL003W,3,0.205183048681296,0.232181547537904,0.517051512292156
YEL004W,3,0.33135297637361,0.298948870640196,0.0168815298180608
YEL005C,3,0.00340905867430948,0.132277944280954,0.800179474580843
YEL006W,3,0.224218643829052,0.206027001129721,0.25870482345341
YEL007W,3,0.142949445369819,0.14679227633945,0.39326228759427
YEL008C-A,3,0,0,NaN
YEL008W,3,0.118823883161041,0.205531305878621,0.455967163050935
YEL009C,3,0.0340833620898154,0.0386465523260903,0.468677655051274
YEL009C-A,3,-0.437809782589436,-0.272521147021322,0.245138260263976
YEL010W,3,-0.107757911755067,0.224818856574976,0.975412522652636
YEL011W,3,-0.943218422411063,-0.256080747588322,0.418718506771082
YEL012W,3,-0.223621332798939,-0.194905155331337,0.603596563046718
YEL013W,3,0.0288558008588119,-0.0376073822361762,0.614808590708296
YEL014C,3,0.488285107675116,0.559651709110768,0.0495355630345801
YEL015W,3,0.357141993244107,0.383557174439972,0.263640385665297
YEL016C,3,0.219318236014926,0.158261611143672,0.202883550885252
YEL017C-A,3,-0.131672244421267,-0.170539955168729,0.517621829608512
YEL017W,3,0.046072160505719,0.0138495941093187,0.629353936278309
YEL018C-A,3,0.310421582082225,0.306700663729199,0.59395897006313
YEL018W,3,0.185415732730678,0.236987316575899,0.265828274821595
YEL019C,3,0.407511359158481,0.459047388003355,0.120604377339478
YEL020C,3,0.0551422083966944,0.192684648554141,0.810314720079835
YEL020C-B,3,1.03254504162952,1.04839970869717,0.539928730112897
YEL020W-A,3,0.0584988011583328,0.0458644000315968,0.321083108140522
YEL021W,3,-0.107181854420308,0.158525586401212,0.212285155587679
YEL022W,3,0.419433183693751,0.59820585782502,0.191902627880827
YEL023C,3,0.301469054311532,0.272308282821719,0.149014910601683
YEL024W,3,-0.144072353184946,-0.231463074540431,0.884769166689822
YEL025C,3,0.0477258011272848,0.130877291047263,0.892250992872776
YEL026W,3,0.375813040618628,0.380105441715922,0.173177500689281
YEL027W,3,-0.175745970711112,-0.175943278388978,0.0375919807292567
YEL028W,3,0.241540149004247,0.262486694071129,0.239610694447607
YEL029C,3,0.479571030367866,0.627697395879356,0.0937119362541485
YEL030C-A,3,0.380146395566427,0.381629761230573,0.135178386590002
YEL030W,3,0.282605060471356,0.293243347093579,0.0407069591820782
YEL031W,3,0.323153222467013,0.453466583792021,0.299527513502441
YEL032C-A,3,0.989420406943103,0.694575727544032,0.609315098596199
YEL032W,3,0.492126764082071,0.525175968917885,0.223112956107018
YEL033W,3,0.496193086443871,0.444627682825537,0.0661242587211969
YEL034C-A,3,0.232525777427589,0.193340989606818,0.260089762594558
YEL034W,3,0,0,NaN
YEL035C,3,0.287831160968098,0.289413075518881,0.0360973512985217
YEL036C,3,0.297539901940636,0.314410062078992,0.313519213013401
YEL037C,3,0.226141011069424,0.228989036956964,0.132018899771349
YEL038W,3,0.272141284629265,0.372042363523203,0.0923531159669964
YEL039C,3,-1.12540184488508,-0.612342393789652,0.298546506886026
YEL040W,3,0.555614283138811,0.602398402119598,0.417744488360281
YEL041W,3,-0.0892117682773892,-0.188284747007403,0.88200664198044
YEL042W,3,0.188365799025221,0.153277670975566,0.306811228359758
YEL043W,3,0.188250876464913,0.210013435317409,0.0261104979004476
YEL044W,3,0.38758445464113,0.424208068789795,0.0892576651277918
YEL045C,3,0.865474648280365,0.773270341719395,0.0515364324104235
YEL046C,3,0.337787725058824,0.339063986227261,0.0753733111131067
YEL047C,3,-0.0730535118683403,-0.124554967893526,0.693456680144701
YEL048C,3,0.959553253498474,1.15087591594568,0.121361089233523
YEL049W,3,0.348815060789129,0.21739108627268,0.105883678628824
YEL050C,3,0.210620735505608,0.204364870389612,0.509814921610356
YEL050W-A,3,0.201452739718482,0.364001974492512,0.985014381421208
YEL051W,3,0.17294007059327,0.26620769606768,0.122348466141494
YEL052W,3,-0.135160024732614,-0.129218582608857,0.14634439040827
YEL053C,3,0.405472489815729,0.492893772478728,0.0332692382397797
YEL053W-A,3,0.0664642528742872,0.13189893418237,0.784813794338795
YEL054C,3,0.235691746579333,0.192242437139256,0.559620077583243
YEL055C,3,0.496997241638988,0.595844569845588,0.258653563524853
YEL056W,3,0.133665551087948,0.0824470009609469,0.595711149124411
YEL057C,3,0.241762200691888,0.245763758054243,0.286952450190632
YEL058W,3,0.10532825601716,0.110813599092794,0.887588474067486
YEL059C-A,3,-0.322655830508031,-0.428283503388028,0.918429012966241
YEL059W,3,0.113185975360943,-0.00897919081963943,0.366107087767457
YEL060C,3,-0.397820020820634,0.0168863905235686,0.616047806376003
YEL061C,3,0.348392636274757,0.335916666625516,0.239297095251548
YEL062W,3,0.0349932943114153,0.0230526655083517,0.716850929733865
YEL063C,3,0.246205561647282,0.240408789346268,0.19785244792708
YEL064C,3,0.489870358479862,0.538518163625173,0.0766181525706612
YEL065W,3,1.25000518729055,1.75551077734528,0.217701465260152
YEL066W,3,0.215420716896511,0.155927006817661,0.705622090951986
YEL067C,3,0.339925153595349,0.390342542703718,0.183820553913507
YEL068C,3,0.204106078926188,0.257714752171176,0.343362655606521
YEL069C,3,0.21140376849447,0.111914521905262,0.650738189641021
YEL070W,3,0.172221452292068,0.160811620843331,0.089368654399619
YEL071W,3,-0.0317114237136533,0.00393132609692268,0.91104868873391
YEL072W,3,0.41590121361298,0.566198856250424,0.127167612306532
YEL073C,3,-0.0643344219669382,-0.0643344219669382,0.95688540826842
YER001W,3,0.364727916805661,0.454768403833761,0.216647825560557
YER002W,3,0.546080160090373,0.573835665407152,0.102924523619536
YER003C,3,0.161030555723137,0.0845697559642532,0.501317396337584
YER004W,3,0.0462068086322674,0.0480413153540608,0.65343393274284
YER005W,3,0.217182025630417,0.19884639512736,0.570216987053044
YER006C-A,3,0.631158856156139,0.776872582753758,0.0340461738781368
YER006W,3,0.618309217461149,0.648971489107167,0.128853463775958
YER007C-A,3,0.442264712119722,0.57155717343222,0.0818227613762267
YER007W,3,0.583810305345522,0.712413596555308,0.01243610357192
YER008C,3,0.0664946859500238,-0.00412472905823329,0.172581791891105
YER009W,3,0.165800329268829,0.219449491274281,0.524432122633479
YER010C,3,0.230742037961271,0.21822010235683,0.264790140748961
YER011W,3,0.446253323084845,0.628388175781227,0.587826539742207
YER012W,3,0.21543570949821,0.191753034406013,0.178739372797164
YER013W,3,0.195011202454516,0.287467653301516,0.364984788014236
YER014C-A,3,0.355774263608685,0.417693161440776,0.0767803281001245
YER014W,3,0.0216437524006217,-0.020079759322295,0.576625358669123
YER015W,3,0.0184203485145831,0.0500828331229815,0.444902677370576
YER016W,3,0.15043334061684,0.0893676419400093,0.563764056844674
YER017C,3,0.149888061272224,0.189609248846801,0.266626152754275
YER018C,3,0.211068916895127,0.105086921120863,0.132467465266533
YER019C-A,3,0.0562157847351591,0.0380321377147732,0.68373182955851
YER019W,3,0.289317898810094,0.204661787111236,0.12560086373587
YER020W,3,-0.244509299130239,0.0886446986697805,0.786414940065496
YER021W,3,0.316437142098307,0.286060541888264,0.0363363379924791
YER022W,3,0.179636651405444,0.246473155499678,0.0624806257978092
YER023C-A,3,0,0,0.343230790422117
YER023W,3,0.218132663363253,0.331317730732813,0.612251511444665
YER024W,3,0.406730485803835,0.436654790948085,0.0624145709478611
YER025W,3,0.27036067073338,0.252392704825356,0.293346649362663
YER026C,3,0.378139297870133,0.506964596210125,0.257932454634499
YER027C,3,0.033369848452722,0.0348510668021512,0.830204189887801
YOL140W,5,-0.258245742705999,-0.44109227120557,0.0620209937269361
YOL001W,4,0.360580142211769,0.319976578903841,0.0114105243015396
YOL002C,4,0.224877351614043,0.220184742079995,0.600969519434596
YPL257W,1,0.0300484196771138,0.0300484196771138,0.318699437420801
YPL258C,2,-0.0153703605810625,-0.0153703605810625,0.207612395565858
YPL259C,2,0.201430972873513,0.201430972873513,0.298263208167149
YPL260W,2,0.0466171183232614,0.0466171183232614,0.787559603917503
YPL261C,2,0.0413053066517268,0.0413053066517268,0.137433580529888
YPL262W,2,-0.0342020781634175,-0.0342020781634175,0.879349314303381
YPL263C,2,-0.0381061998491755,-0.0381061998491755,0.53788434790205
YPL264C,2,-0.0454131765030914,-0.0454131765030914,0.69886048767502
YPL265W,2,0.0696718640990655,0.0696718640990655,0.459028487983297
YPL266W,2,0.0387840002726955,0.0387840002726955,0.331925938783283
YPL267W,2,-0.451048635208319,-0.451048635208319,0.911423027567274
YPL268W,2,0.0340769448471944,0.0340769448471944,0.2985258939562
YPL269W,2,0.0377261256179071,0.0377261256179071,0.132942679005521
YPL270W,2,0.125078637406732,0.125078637406732,0.107372433694003
YPL271W,2,-0.429455546386404,-0.429455546386404,0.494985174423472
YPL272C,2,-0.0783879516940703,-0.0783879516940703,0.368034007353939
YPL273W,2,0.090518456950741,0.090518456950741,0.179435144984758
YPL274W,2,0.0999196890081712,0.0999196890081712,0.344337616246016
YPL277C,2,NaN,NaN,0.532739416658334
YPL278C,2,NaN,NaN,0.58938390505264
YPL279C,2,NaN,NaN,0.839130245143832
YPL280W,2,NaN,NaN,0.829458709182028
YPL281C,2,NaN,NaN,0.444308604444029
YPL282C,2,NaN,NaN,0.870002200948887
YPL283C,2,NaN,NaN,0.869002592006022
YPL283W-A,2,NaN,NaN,0.128337347552184
YPL283W-B,2,NaN,NaN,0.159389221094364
YOL028C,3,0.336517291392581,0.336469804113164,0.308995484582348
YOL029C,3,0.201222129756793,0.188761057058373,0.357728278928355
YOL030W,2,0.0189235701983792,0.0189235701983792,0.0114089368577994
YOL031C,2,0.0206338731314532,0.0206338731314532,0.52164033447868
YOL032W,1,-0.174018493614275,-0.174018493614275,0.470289904003836
YOL033W,1,0.246803795276947,0.246803795276947,0.14298828658843
YOL130W,1,0.151019940831029,0.151019940831029,0.0337699892505118
YOL131W,1,0.326343319679656,0.326343319679656,0.0710602596090786
YOL132W,1,-0.335337330297858,-0.335337330297858,0.514380526359582
YOL133W,3,0.126815194727758,0.153767737184208,0.250141376887996
YOL134C,1,0.037765366868318,0.037765366868318,0.423780411321761
YOL135C,3,0.128584758847704,0.11387730975909,0.0327710237333952
YOL136C,3,0.289491852771863,0.381572785397883,0.0182942430684488
YOL137W,3,0.383957354697629,0.467557106650842,0.161192414112207
YOL138C,3,0.274944627356419,0.380322260621411,0.319149314766008
YOL139C,3,0.261301975725395,0.214254392035542,0.210087506726196
YPL005W,1,0.214356038459684,0.214356038459684,0.930289146935948
YPL006W,1,-0.106220091377487,-0.106220091377487,0.266515144286972
YPL007C,1,0.0659354894493508,0.0659354894493508,0.228210880545224
YPL008W,1,0.0819019834994336,0.0819019834994336,0.253733060421411
YPL009C,1,0.0283080176356322,0.0283080176356322,0.939407321041599
YPL010W,1,-0.2302489923918,-0.2302489923918,0.305713304475438
YPL011C,1,0.114814680980293,0.114814680980293,0.303685815262285
YPL012W,1,-0.0889020404034793,-0.0889020404034793,0.388928657037196
YPL013C,1,-0.0549524622627521,-0.0549524622627521,0.654168731388546
YPL014W,1,0.138467857349547,0.138467857349547,0.656031935853847
YPL015C,1,-0.0173439735060612,-0.0173439735060612,0.755545909695193
YPR003C,1,-0.0966068848340473,-0.0966068848340473,0.834721460212665
YPR004C,1,-0.00459874617244081,-0.00459874617244081,0.689813421102329
YPR005C,1,-0.166781571007986,-0.166781571007986,0.828710410678474
YPR006C,1,-0.295547194251415,-0.295547194251415,0.760087729111751
YPR007C,1,0.451143357953767,0.451143357953767,0.54420360634132
YPR008W,1,-0.0807809210278463,-0.0807809210278463,0.960348743774571
YPR009W,1,0.208696558322366,0.208696558322366,0.332333087888934
YPR010C,1,0.0402236151419405,0.0402236151419405,0.32537621570383
YPR010C-A,1,-1.08535197318421,-1.08535197318421,0.529667335434861
YPR011C,1,0.266624352936032,0.266624352936032,0.734115442346008
YPR012W,1,-0.50137868904491,-0.50137868904491,0.827389730283999
YPR013C,1,0.325099688320734,0.325099688320734,0.751776729551877
YPR014C,1,-0.0669017585430548,-0.0669017585430548,0.327098974562569
YPR015C,1,0.0313091138794269,0.0313091138794269,0.709741963917078
YPR016C,1,0.11604608650176,0.11604608650176,0.390720536998941
YPR016W-A,1,0.0339763742404597,0.0339763742404597,0.323956729521606
YPR017C,1,0.133218775251895,0.133218775251895,0.128051101934358
YPR018W,1,-0.10789385083562,-0.10789385083562,0.318450325525947
YEL074W,2,NaN,NaN,0.748960465067879
YEL075C,2,NaN,NaN,0.17861027415248
YEL075W-A,2,NaN,NaN,0.59672761233342
YEL076C,2,NaN,NaN,0.58039352214423
YEL076C-A,2,NaN,NaN,NaN
YEL077C,2,NaN,NaN,0.188144615488304
YEL077W-A,2,NaN,NaN,0.117562384072196
YER028C,2,0.478078402347429,0.478078402347429,0.137791145610297
YER029C,2,0.265707968875761,0.265707968875761,0.186277771686815
YER030W,2,0.156149091482753,0.156149091482753,0.949694346915244
YER031C,1,0.239479010848807,0.239479010848807,0.249593078918208
YER032W,1,0.448731684902417,0.448731684902417,0.154222674189416
YGL007C-A,1,0.892342750654002,0.892342750654002,0.635705566233818
YGL008C,1,-0.0146960773440773,-0.0146960773440773,0.326068805927929
YGL009C,1,-0.153037136019096,-0.153037136019096,0.92675279025299
YGL010W,1,0.324868797567804,0.324868797567804,0.309365741245706
YGL011C,1,0.421502503382081,0.421502503382081,0.562420668060771
YGL012W,1,0.0525733552594701,0.0525733552594701,0.991828071169934
YGL013C,1,0.516569917133824,0.516569917133824,0.174500185057569
YGR009C,1,0.0885272321909475,0.0885272321909475,0.816151897409387
YGR010W,1,0.17130550908623,0.17130550908623,0.918043555685328
YGR011W,1,0.20511634090873,0.20511634090873,0.178444456367381
YGR012W,1,0.197408523390818,0.197408523390818,0.770361949490736
YGR013W,1,0.153808907053758,0.153808907053758,0.816956780906162
YGR014W,1,0.691603124834346,0.691603124834346,0.293122284490999
YGR274C,2,0.463463471114934,0.463463471114934,0.0870817041121078
YGR275W,2,0.0193112821666308,0.0193112821666308,0.400052528908924
YGR276C,2,0.487818615901141,0.487818615901141,0.303714415430461
YGR277C,2,0.236226501832782,0.236226501832782,0.934214865821268
YGR278W,2,0.39027424825903,0.39027424825903,0.0703220028126752
YGR279C,2,-0.558329653058,-0.558329653058,0.0972428651212195
YGR280C,2,0.627862047608853,0.627862047608853,0.246768237776034
YGR281W,2,-0.0483306666074605,-0.0483306666074605,0.235159779166184
YGR282C,2,0.147510286889345,0.147510286889345,0.0225214645722105
YGR283C,2,0.914455299477708,0.914455299477708,0.221778816242217
YGR284C,2,0.110409987377094,0.110409987377094,0.831529933866272
YGR285C,2,0.268939112901119,0.268939112901119,0.591727976993215
YGR286C,2,0.889380513209793,0.889380513209793,0.671854308639017
YGR287C,2,0.198644335349167,0.198644335349167,0.990180252429842
YGR288W,2,-0.0056259239271976,-0.0056259239271976,0.544031495160506
YGR289C,2,0.722923208483533,0.722923208483533,0.144327833865829
YGR290W,2,-5.53424995996662,-5.53424995996662,0.156425402670089
YGR291C,2,-3.74340832919107,-3.74340832919107,0.386603932757184
YGR292W,2,-4.22495093502428,-4.22495093502428,0.188562178397958
YGR293C,2,-3.58892326792432,-3.58892326792432,0.283271803030768
YGR294W,2,-5.32506614802212,-5.32506614802212,0.143902989365582
YGR295C,2,-9.10531307580545,-9.10531307580545,0.176477912579473
YGR296C-A,2,-0.00371069047394701,-0.00371069047394701,0.370754372753992
YGR296C-B,2,0,0,0.0757204268694332
YGR296W,2,1.34930035687942,1.34930035687942,0.274295353826455
