0.318308
0.447961
0.466044
0.326278
0.645241
0.416355
0.392196
0.58522
0.70786
0.389486
0.823556
0.539207
0.774586
0.576497
0.735414
0.510871
0.931869
0.336504
0.472033
0.928075
0.863406
0.579372
0.797458
0.456738
0.522893
0.622573
0.526667
0.307268
0.458576
0.772855
0.632729
0.629306
0.452117
0.245751
0.341238
0.698288
0.388066
0.285123
0.571308
0.509874
0.913582
0.834098
0.793587
0.490942
0.455969
0.745481
0.373317
0.783704
0.761791
0.697052
0.630679
0.884449
0.740524
0.926701
0.585113
0.492402
0.338327
0.793258
0.61472
0.645233
0.496181
0.763874
0.87482
0.716651
0.755352
0.653593
0.84789
0.756852
0.911309
0.493661
0.446757
0.625784
0.772694
0.584429
0.734507
0.661111
0.722152
0.990903
1.49321
0.749367
1.15794
0.317711
0.916385
0.499871
0.330875
0.495726
0.456187
0.666997
0.425553
0.52687
0.287448
0.734797
0.612976
0.703785
0.460639
0.658896
0.512731
0.58842
0.35557
0.722157
1.05319
0.604728
1.12002
1.12661
1.39403
0.916893
0.774268
1.05606
1.1582
0.7006
0.50316
0.812062
0.86144
0.689485
0.13804
0.415828
0.882725
0.678035
0.667452
0.912895
0.750776
0.33613
0.561603
0.641439
1.06978
0.528886
0.681817
0.69348
0.495554
0.738918
0.579871
0.723498
0.809252
0.952625
0.965624
0.712543
0.807357
0.925291
0.492306
0.315405
0.4116
0.339904
0.700337
0.565491
0.881131
1.15092
1.07208
1.06699
1.26764
0.860843
0.888565
0.810439
0.781842
0.73908
1.08028
0.612893
0.58941
0.845572
0.5629
0.847695
0.943065
0.767256
0.757914
0.859528
0.919876
0.624763
0.92616
0.790712
1.17401
0.55576
0.162182
0.770187
0.536129
0.613112
1.05288
1.0538
0.380272
0.840985
0.723149
0.494734
0.213434
0.546237
0.41149
0.55461
0.470167
0.529171
0.398969
0.273971
0.6749
0.235181
0.661052
0.7871
1.01644
0.792354
0.590295
0.405149
0.25568
0.354445
0.31654
0.635322
0.659849
0.67226
0.606345
0.606072
0.688097
0.920711
0.761532
0.887283
0.679257
0.531007
0.764511
0.610076
0.608478
1.00004
0.989255
0.697451
0.795672
1.19607
0.769685
0.687652
1.24256
0.758505
0.637407
0.172666
1.06734
0.791346
0.627932
0.617483
0.326408
1.12259
0.516877
0.440389
0.522167
0.355892
0.421392
0.451499
0.367397
0.181349
0.666686
0.46235
0.710629
0.333946
0.917364
0.26015
0.713256
0.532466
0.69893
1.09475
1.12321
0.402038
0.452868
0.775382
0.865885
0.643898
0.72687
0.828702
0.78894
1.16749
1.11047
0.653841
0.356897
0.575271
0.391038
0.304429
0.657376
0.58702
0.557218
0.453519
0.420233
0.332106
0.336094
1.01577
1.0448
0.742205
0.716978
0.748526
0.536293
0.378745
0.549736
0.507213
0.50993
0.718649
0.652229
0.471841
0.758733
0.395317
0.685823
0.622946
0.761226
0.40442
0.851764
0.725496
0.330742
0.549941
0.629647
0.684587
0.674411
0.624772
0.477009
0.659073
0.461649
0.237279
0.550972
0.632874
0.633703
0.807292
0.515855
0.912833
0.42155
0.720752
0.680651
0.757088
0.678109
0.658273
0.211952
0.462857
1.06657
0.652334
0.890739
0.686506
0.529509
0.458547
0.49701
0.309872
0.595238
0.422497
0.672908
0.188973
0.732951
0.381354
0.95224
0.344957
0.824904
0.526778
0.410392
0.318386
0.884845
0.644764
0.817214
0.731989
0.884787
0.533288
0.510656
0.450721
0.412956
0.375693
0.564421
0.872076
0.65582
1.05963
0.709897
1.16691
1.12798
0.61071
0.764717
0.799786
0.89519
0.930481
0.904754
0.84101
0.630948
1.24293
1.27492
0.872932
0.744089
0.597952
1.02685
0.755545
0.608431
0.568447
0.611853
0.550716
1.10652
1.13711
1.02199
0.935449
0.612741
0.839307
0.622167
0.63785
0.767006
0.589891
0.822651
0.881342
0.561979
0.28379
0.600857
0.735349
0.767837
0.406398
0.741582
0.386112
0.293856
0.892382
0.820416
0.545522
0.779061
1.00331
0.970274
0.5553
0.655438
0.733262
0.714186
0.708366
0.373623
0.506087
0.847137
0.641477
0.462208
0.37327
0.458136
0.507093
1.08444
0.577386
0.323571
0.803404
0.426769
0.406801
0.478081
0.716497
0.551484
0.443031
0.392966
0.499833
0.846875
0.492665
0.911255
0.799994
0.563449
0.806276
0.590945
0.33642
0.622822
0.724744
0.371581
0.596307
0.631681
0.273959
0.976372
0.400946
0.55463
0.419888
0.279211
0.899939
1.09225
0.987643
0.62297
0.814919
0.356491
0.462419
0.464061
0.680453
0.766625
0.936481
0.534744
0.70164
0.867755
0.742312
0.742482
0.629585
0.663895
0.784172
0.54224
0.826149
0.432369
0.635918
0.678159
0.70486
0.627558
0.708292
0.988678
1.01931
0.688025
0.798523
0.822218
1.21986
0.849738
1.0306
0.408888
0.52523
0.593806
0.804618
0.730459
0.792477
0.691101
0.324328
0.376879
0.801006
0.393455
0.641709
0.292257
0.618387
0.279702
1.08534
0.363302
1.08264
0.681281
0.88356
0.252133
0.469874
0.559989
0.644517
0.678761
0.63508
0.625071
0.78687
0.465551
0.48067
0.748035
0.697641
0.288639
0.607773
0.76241
0.791227
0.80693
0.699778
0.417993
0.445518
0.217996
0.327984
0.524808
0.4793
0.918074
0.828748
0.676801
1.00274
0.950003
1.12221
1.03169
0.577209
0.866907
0.914284
1.06296
1.02632
1.24581
1.22719
0.493192
0.906187
0.582638
0.410442
0.814487
0.815853
0.459998
0.59709
0.565017
0.650791
0.798248
0.686582
0.748447
0.671963
0.56564
1.12256
0.520094
1.23872
0.633104
1.10363
0.522312
0.328112
0.207632
0.613091
0.700584
0.719874
0.587138
0.462019
0.628757
0.652706
0.347309
0.456362
0.521077
0.601982
0.613868
1.03811
1.12239
1.04391
0.838285
0.452661
0.535291
0.312191
0.452603
0.723039
0.312894
0.460176
0.483033
0.63734
0.817059
0.576426
0.542144
0.576512
0.544564
0.562377
0.579821
0.410326
0.53859
0.286456
0.546634
0.418132
0.642071
0.752804
0.701471
0.430108
0.747501
0.643302
0.573447
0.601561
0.753583
1.08234
0.807625
1.09149
0.34144
0.347399
0.607394
0.293097
1.09263
1.01086
0.799372
0.628978
1.27321
1.01805
0.443615
0.711588
0.446076
0.234884
0.480283
0.698489
0.463483
0.623438
0.673752
0.627102
0.959683
1.09504
0.518075
0.716355
0.727991
0.366065
0.650361
0.529555
0.812201
0.574016
0.375
0.549004
0.539596
0.635924
0.492516
0.523863
0.621187
0.998489
0.855628
0.599996
0.488784
0.180878
0.696494
0.902414
0.360709
0.554641
0.558081
0.529714
0.52779
0.62821
0.583297
0.548859
0.92627
0.571597
0.651453
0.504182
0.512512
0.648952
0.458137
0.85827
0.878483
0.720019
0.882088
1.01397
1.28755
1.15767
0.38585
0.760487
0.701488
0.604408
0.545866
0.983126
0.784506
0.703764
0.807258
0.782204
0.866062
0.547351
0.303981
0.573019
0.520458
0.714123
0.390842
0.779415
0.674979
0.326016
0.511159
0.478212
0.352026
0.948369
0.777492
0.468417
0.332442
0.359244
0.525716
0.71368
0.769958
0.472826
0.229339
0.512542
0.12468
0.248033
0.298543
0.347823
0.78029
0.431509
0.845253
0.255767
0.915546
0.738227
0.739764
0.740223
0.423156
0.532763
0.537534
0.951315
0.79967
0.318353
0.472502
0.885236
0.262823
0.487498
0.600185
0.448669
0.755903
0.646225
0.472032
0.257312
0.534771
0.2544
0.680605
0.917586
0.23339
0.633372
0.799007
0.510526
0.533976
1.07502
0.582393
0.600807
0.510421
0.626969
0.632327
0.460511
0.408853
0.32876
0.586782
0.710539
0.377469
0.517674
0.665763
0.524408
0.482939
0.573497
0.658441
0.376465
0.94148
0.476342
0.488413
0.355596
0.666799
0.558845
0.562909
0.440257
0.269047
0.254418
0.614714
0.472516
0.914213
0.469034
1.03889
0.731056
0.811075
0.301257
0.494834
0.268568
0.570132
0.414541
0.60995
0.417157
0.164702
0.520748
0.767478
0.841899
0.994563
0.60862
0.385644
0.497617
0.662146
0.669123
0.673487
0.543776
0.73326
0.473339
0.658896
0.487039
0.456325
0.348729
0.320446
0.565613
0.348666
0.631007
0.385049
0.733325
1.05154
0.479188
0.393474
0.494898
0.505332
0.463918
0.398754
0.608126
0.392326
0.424053
0.198565
0.417735
1.09856
0.55636
0.509952
0.623604
0.299224
0.331323
0.4141
0.676225
0.487372
0.655782
0.685774
0.46751
0.68595
0.743016
0.752711
0.544008
0.399095
0.41939
0.833562
0.622923
0.404757
0.530621
0.387992
0.571901
0.488539
0.73715
0.761496
0.507324
0.278523
0.718127
0.99749
0.749982
0.762631
0.531582
0.646434
0.524936
0.496159
0.878612
0.736486
0.941492
0.245009
0.515907
0.233868
0.367149
0.43083
0.233327
0.774028
0.349106
0.510758
0.541227
0.179843
0.796445
0.918555
0.626459
0.618263
0.535272
0.321853
0.22521
0.588646
0.46929
0.259218
0.449437
0.903395
0.321068
0.54825
0.259213
0.193358
0.396726
0.441644
0.437947
0.526819
0.411083
1.19317
1.19999
0.90631
0.506889
0.984598
0.935358
0.327387
0.53411
0.76585
0.783455
0.677857
0.601736
0.613688
1.10277
0.935574
1.08199
0.83436
0.576608
1.09894
0.45459
0.779768
1.10065
0.987283
0.223501
0.312858
0.541571
0.309055
0.569813
0.193871
0.497811
0.467198
0.735872
1.01788
0.125214
0.256084
0.589096
0.671172
0.709083
0.416012
0.457751
0.784888
0.438661
0.457425
0.839424
0.254923
0.676683
0.538438
0.313737
0.476513
0.324206
0.548942
0.766777
0.741626
0.224353
0.76614
0.521028
0.868867
0.646333
0.458335
1.00361
0.569756
0.629852
0.88314
0.402189
0.583843
0.561109
0.467142
0.91599
0.783662
0.789485
0.463875
0.461731
0.402048
0.256105
0.964143
0.509623
0.602412
0.604362
0.766474
0.567098
0.450731
0.80951
1.21373
0.922131
0.713491
0.601237
0.43068
0.497243
0.505651
0.630972
0.443655
0.6949
0.887454
0.854095
0.304472
0.625666
0.879868
0.401868
0.416018
0.395442
0.80041
0.458502
0.647618
0.452366
0.530029
0.240657
0.539407
0.787597
0.690247
0.886989
0.573242
0.717524
0.520971
0.609871
0.841153
0.711819
0.473799
0.511357
0.65613
0.662843
0.839851
0.494736
0.212168
0.812819
0.650784
0.811909
0.586477
0.796233
0.848436
0.701292
0.405246
0.870469
0.627831
0.703036
0.745403
0.780173
0.301828
0.809468
0.24681
0.689677
0.806254
1.01388
0.901495
0.808865
0.46621
0.307736
0.341219
0.308496
0.395869
0.6664
0.61362
0.49961
0.442902
0.260785
0.741378
0.295558
0.685747
0.824489
0.321588
0.537661
0.361281
0.801248
0.536395
0.232896
0.463242
0.707072
0.650587
0.737263
0.377923
0.963655
0.56061
0.680658
0.547783
0.41377
0.508566
0.449227
0.71716
0.935254
0.839601
0.857487
0.449
0.539084
0.490594
0.232032
0.644175
0.815299
0.773013
0.697105
0.585371
0.523787
0.85198
1.12182
0.347655
0.699334
0.204723
0.4352
0.456356
0.433788
0.30757
0.45193
0.279964
0.458779
0.957861
0.203454
0.536048
0.675047
0.542782
0.881064
0.861242
0.799981
0.464946
0.542826
0.705834
0.415291
0.393217
0.25561
0.502966
0.899873
0.486929
0.578211
0.233357
0.533636
0.461708
0.408285
0.5728
1.47705
0.942433
0.264234
0.405079
0.747464
0.649432
0.539514
0.363948
0.644877
0.45193
0.617672
0.458224
0.670887
1.02915
0.489717
0.444417
0.863736
1.08803
0.619612
0.35801
0.795847
0.48597
0.647389
0.876299
0.662034
0.766431
0.416441
0.222289
0.315492
0.615508
0.33914
0.571715
0.505427
0.95403
1.08684
1.04011
0.757181
0.535534
0.90732
0.395782
0.754039
0.360287
0.93538
0.803778
0.709063
0.858624
0.560767
0.308565
0.458327
0.727459
0.733588
0.325236
0.5141
0.304279
0.245717
0.258998
0.216805
0.345531
0.475843
0.429755
0.382648
0.766502
0.658505
1.16956
0.695641
0.857225
0.791192
0.982605
0.604307
0.551915
0.291381
0.443486
0.330404
1.19701
0.749848
0.748681
0.593374
0.823094
0.421069
0.651359
0.329736
0.55417
0.27337
0.443862
0.519979
0.190636
0.217751
0.935029
0.446257
1.11717
0.759886
0.789421
0.937095
0.758002
0.497921
0.801854
0.884846
0.673754
0.820594
0.640837
0.496952
0.538905
0.41708
0.306153
0.337387
0.672494
0.24005
0.318115
0.299283
0.306596
0.54713
0.668096
0.342756
0.613862
0.53058
0.922635
0.736793
0.425393
0.393561
0.901824
0.452476
0.402158
0.571901
0.637235
0.792671
1.12232
0.625929
0.596478
0.485874
0.464151
0.547856
0.609725
0.938429
0.704257
0.779359
0.841656
0.775334
0.428776
0.606538
0.559335
0.979087
0.410811
0.640533
0.683111
0.591963
0.615918
0.27636
0.436038
0.996207
0.335776
0.596577
0.741453
1.2035
0.901481
0.606558
0.569525
0.4809
0.340981
0.476533
0.903421
1.05954
0.485499
0.521336
0.564081
0.374135
0.203701
0.911345
0.357372
0.916092
0.168753
0.431801
1.16499
0.410725
0.80284
0.79419
0.13086
0.309583
0.916828
0.297426
0.666385
0.752477
0.882103
0.37365
0.411357
0.372034
0.556387
0.404083
0.769368
0.583529
0.512984
0.954527
0.517371
0.882314
0.390831
0.262419
0.434757
0.158738
0.403122
0.274972
0.855253
0.824509
1.17108
0.951116
1.15864
0.597967
0.778793
0.446381
0.538169
0.765704
0.630771
0.640513
1.00913
0.561082
0.406614
0.639755
0.754764
0.702485
0.622639
0.415131
0.52808
0.275484
0.404511
0.887933
0.488499
0.459724
0.412772
0.363708
0.185619
0.752038
0.745718
0.766642
0.924938
0.660249
0.987533
0.934651
0.850909
0.737727
0.984816
1.24665
0.244234
0.36246
0.587364
0.536238
0.38834
0.712738
0.38079
0.840527
1.19744
0.7502
0.172503
0.654823
0.943925
0.524188
0.108408
0.366847
1.18613
0.757481
0.355783
0.516649
0.948275
0.588487
0.73868
0.845821
0.708932
1.12238
0.953607
0.473478
0.814268
0.874142
0.714277
0.509403
0.554219
0.487883
0.532479
0.573334
0.454081
0.243961
0.470049
1.01119
0.470419
0.265786
0.691691
0.629963
0.543378
0.365756
0.616599
0.592362
0.628132
0.33399
0.328081
0.58702
0.612345
0.718538
0.387146
0.288815
0.444746
0.280025
0.565217
0.785182
0.754707
0.343215
0.619683
0.37482
0.441009
0.754148
0.784483
0.789401
0.167453
0.593894
1.23309
0.841724
0.441882
0.468006
0.717522
0.870687
0.783079
0.592392
0.312139
0.99157
1.04191
0.868528
1.06074
0.758569
1.26338
0.4333
0.802058
0.805218
1.26076
0.264083
0.855218
0.23806
0.391032
0.400276
0.38086
0.314276
0.184052
0.702599
0.619895
0.647035
0.39372
0.288888
0.523376
0.267399
0.503624
0.630204
0.660656
0.383296
1.10397
0.486259
0.485624
1.03553
0.897773
0.552254
0.611491
0.763826
0.367839
1.01103
0.593426
0.518598
0.615872
0.482097
0.660727
1.09756
0.686185
0.57636
0.514322
0.712542
0.913941
0.461504
0.31478
0.670502
0.673444
0.463504
0.324288
0.53269
0.505749
0.48972
0.47002
0.555081
0.682268
0.639692
0.435391
0.375599
0.500805
0.469959
0.496083
0.386083
0.586534
0.492104
0.504776
0.61598
0.565568
0.520709
0.497516
0.564906
0.76967
0.820571
0.541423
0.437053
0.864802
0.682613
0.255684
0.901936
0.6408
0.781609
0.574374
0.633623
0.850198
0.435573
0.279553
1.24822
0.729557
0.614254
0.439064
0.896158
0.787925
0.654998
0.436596
0.566814
0.816915
0.741216
0.604586
0.398566
0.586641
0.565874
0.778667
0.642332
0.42154
0.983752
0.529485
0.867823
0.739328
0.842556
0.707225
0.783509
0.819259
0.735343
0.814853
0.526734
0.329651
0.40589
0.351617
0.459444
0.421967
0.521584
0.491494
0.804021
0.949752
0.39858
0.313179
0.682453
0.915026
0.822414
1.10507
0.840923
0.332794
0.235023
0.632181
0.441101
0.939842
0.653182
0.333236
0.856719
0.798061
0.534287
0.355241
0.270891
0.721998
0.219456
0.727581
0.566889
0.485003
1.04068
1.09418
0.818713
0.420926
0.590434
0.405069
0.515754
0.324807
0.380546
0.287557
0.950331
1.36548
0.601881
0.254888
0.799383
0.722972
0.283357
0.574829
0.606114
0.39477
0.364387
0.706275
0.416505
0.725655
0.52159
0.311941
0.443695
0.546063
0.339297
0.883648
0.69442
0.340743
0.432443
0.867434
0.753853
0.786028
0.483941
0.406185
0.201491
0.653766
0.52612
0.751313
0.295789
0.418444
0.653262
0.378917
0.464919
0.434487
0.341564
0.721936
0.34248
0.383764
0.436518
0.678236
0.581803
0.451565
0.36063
0.592794
0.231418
0.466348
0.739267
0.754583
0.503577
0.863766
0.502586
0.648653
0.629788
1.03714
0.834443
0.554272
0.706469
0.289737
0.370456
0.771767
0.713727
0.565815
0.605771
0.521478
0.896844
0.481602
0.798953
1.31025
1.18826
0.81418
0.511065
0.529077
0.515078
0.55416
0.583135
0.294254
0.422916
0.531172
0.342891
0.423813
0.314064
0.24916
0.350665
0.553517
0.831233
0.972855
0.937867
0.730256
1.01974
0.586146
1.01477
0.71998
0.534157
0.81409
0.473762
0.854386
0.650647
0.386978
0.756992
0.876006
0.999543
0.598187
0.743756
0.72805
0.727615
0.455602
0.539858
0.91641
0.578297
0.760767
0.786479
0.981774
0.451154
0.441752
0.37556
0.707523
0.49397
0.956724
0.394718
0.877373
0.789953
0.979351
0.385091
0.597717
0.435179
0.556395
0.443348
0.675081
0.909646
0.604361
0.648063
0.770164
0.337437
0.546732
0.815444
0.996761
0.981007
1.02435
0.903765
0.736387
1.04395
0.69593
0.654426
0.912587
0.265892
0.50199
0.357389
0.729441
0.637464
0.715933
0.600986
0.667743
0.755462
0.437839
0.773549
0.457127
0.712875
0.615973
0.550192
0.351187
0.828189
1.30502
0.320894
0.281838
0.873163
0.520033
0.462565
0.70082
0.814303
0.574089
0.72431
0.832703
0.751945
1.03578
0.616189
0.320084
0.66029
0.348121
0.904419
0.633914
0.859895
1.09951
0.561935
0.90581
0.516562
1.15421
0.963248
1.0675
0.97861
0.704692
0.824164
0.874856
0.380779
0.605089
0.650584
0.477801
0.458701
0.3082
0.705153
0.612132
0.73836
0.726592
0.800141
0.741099
0.519794
0.632497
0.618722
0.728944
0.991
0.679988
0.635988
0.602893
0.511627
0.911687
0.630858
0.678682
0.45461
0.296869
0.523664
0.521616
0.836567
0.606702
0.668195
0.62494
0.527736
0.352693
0.67749
1.04922
0.565315
0.296374
0.617189
0.378239
0.438074
0.253811
0.318755
0.458974
0.472495
0.396328
0.672919
1.07065
0.791409
0.987819
0.903632
0.568858
0.360911
0.800064
0.478656
0.533157
0.507995
0.589241
0.503685
0.904901
0.610676
0.441584
0.220126
0.350414
0.451834
0.567394
1.08219
0.522596
0.603414
0.761165
0.438977
0.496275
0.562785
0.831467
0.681904
0.534503
0.390694
0.558043
0.566438
0.942545
0.314609
0.797494
0.840955
0.643543
0.386106
0.727739
0.712741
0.917798
0.741335
0.609903
0.222148
0.8234
0.978552
0.785872
0.915696
1.12589
0.791481
0.76973
0.554016
0.596227
0.88933
0.730224
0.919919
0.837455
0.868326
0.86308
0.321721
0.432165
0.819005
0.678949
0.270923
0.5329
0.866539
1.02754
0.527664
0.603212
0.410078
0.509925
0.352161
0.356129
0.508371
0.31691
0.295921
0.565251
0.311992
0.302564
1.05036
0.955424
0.344377
0.52554
0.59764
0.544294
0.48664
0.382267
0.0745893
0.82026
0.351277
0.582903
0.410186
0.409082
0.782204
0.721112
0.462873
0.576288
0.388324
0.710222
0.616749
0.68347
0.265969
0.268481
0.247603
0.623006
1.07464
0.524518
0.513978
0.566846
0.751264
0.565271
0.618664
0.978084
0.424698
0.697086
1.22186
0.812255
1.07132
0.809434
0.164203
0.592544
0.240931
0.636468
0.775755
0.239649
0.548701
0.515019
0.612113
0.745099
0.372189
0.391539
0.330037
0.633299
0.268445
0.565356
0.324957
0.985235
0.946441
1.0699
0.982405
0.689174
0.516413
0.538933
0.738958
0.340084
0.626865
0.440798
0.399896
0.262387
0.530672
1.02854
0.649558
0.383935
0.293987
0.738194
0.551197
0.322566
0.516437
1.19557
0.963783
0.871481
0.739196
0.650865
0.584426
0.649397
0.816593
0.154426
0.765701
0.691133
0.430859
0.948432
0.8468
0.521292
0.230604
0.348881
0.583958
0.735805
0.709352
0.478087
0.715719
0.69335
0.352823
0.320253
0.393984
0.717753
0.24764
0.515363
0.321225
0.509024
0.445287
1.0603
0.728651
0.431645
0.382089
0.509343
0.385522
0.70729
0.695149
0.521223
0.708522
0.58735
0.137909
0.368686
0.515381
0.350634
0.406037
0.682319
0.521465
0.694961
0.575208
0.538114
0.57555
0.404786
0.715111
0.687832
1.10614
0.697234
0.703122
1.34073
0.535399
0.585155
0.592813
0.496595
0.452859
0.716896
0.961499
0.242635
0.559379
0.6912
0.580391
0.729637
1.03697
0.630353
0.462326
0.585501
0.460224
0.721688
0.411781
0.477554
0.507985
0.64674
0.890634
0.880376
0.623305
0.375478
0.28158
0.880542
0.988676
0.451237
0.611473
0.390115
0.73789
0.991556
0.623858
0.784364
0.64707
0.46996
0.331392
0.179778
0.624524
0.499653
0.475089
1.18508
0.454435
0.379644
0.506437
0.265555
0.738416
0.429472
0.406837
0.382615
0.794929
0.571415
0.450519
0.20086
0.21873
0.566298
0.484728
0.387893
0.641654
0.401952
0.67564
0.511818
0.632595
0.449934
0.516579
0.755796
0.402432
0.481113
0.495307
0.577169
0.456555
0.6247
0.677654
0.635566
0.953376
0.881657
0.401488
0.401409
0.451536
0.183798
0.820938
0.42154
0.424317
0.414527
0.637111
0.699588
0.845043
0.809717
0.483423
0.629617
0.479467
0.789289
0.451464
0.518948
0.653659
0.480531
0.63337
0.477759
0.801612
0.579639
0.247188
0.428612
1.04149
0.380891
1.08023
0.781822
0.31058
0.783237
0.288065
1.03729
0.631799
0.584087
0.701381
0.314035
0.463297
0.514848
0.892672
0.64422
0.840597
0.749518
0.667354
0.991247
0.779029
0.414494
0.558838
0.455419
0.867271
0.564682
0.582698
0.489218
0.904859
0.77747
0.68471
0.776644
0.800985
0.987665
0.675929
0.589342
0.25216
0.472104
1.04761
0.761088
0.679077
0.904496
1.00424
0.777951
0.939148
0.735248
0.870024
0.527172
0.946295
1.16208
0.275792
0.118941
0.648799
0.267386
0.472032
0.790257
0.475431
0.729038
0.386858
0.621087
0.415332
0.375772
0.301303
0.771069
0.680481
0.544183
0.505139
0.346105
0.924107
0.572431
0.636339
0.901446
0.834849
0.488481
0.639562
0.765767
0.639457
1.49888
1.0229
1.00638
0.697042
0.941808
0.576511
0.613598
0.493187
0.730169
0.987903
0.722872
0.831323
0.609474
0.520975
0.394699
0.587396
0.470562
0.562331
0.546948
0.746674
0.991456
0.797786
0.479014
0.487048
0.828209
0.568259
1.05452
0.700238
0.441461
0.579776
0.41649
0.520461
0.324025
0.49248
0.642021
0.42153
0.679804
0.866069
0.683355
0.770408
0.662395
0.701903
0.406043
0.936975
0.756305
0.892497
0.73814
0.726353
0.430302
0.737424
0.536374
0.407269
0.837144
0.431907
0.581928
0.533112
0.336817
0.619018
0.818697
0.421596
0.762027
0.488858
0.503731
0.3573
0.907346
0.688635
0.403973
0.800868
0.420326
0.775398
0.696223
0.86552
0.474189
0.402615
0.461287
0.806711
0.538629
0.327469
0.881938
0.394863
0.788188
0.526157
0.744249
0.46095
0.814993
0.568677
0.682935
0.660056
0.61404
0.800039
0.549986
0.590717
0.437664
0.712201
0.231494
0.513908
0.4098
0.551563
0.297079
0.555464
0.791848
0.480417
0.638372
0.694389
0.350598
0.588712
0.554684
0.541083
0.208495
0.521106
0.393202
0.406034
0.483144
0.553253
0.729699
0.901457
0.667569
0.589642
0.656865
0.668923
0.411775
0.501252
0.590489
0.725901
0.383102
0.433413
0.254953
0.692932
0.781043
0.887534
1.2777
0.812903
1.16832
0.493405
0.500382
0.420607
0.337386
0.242216
0.744422
0.437939
0.559598
0.737609
0.677435
0.355703
0.812487
0.496678
0.352252
0.308899
0.361207
0.853023
0.581628
0.638407
0.619341
0.316301
0.219894
0.511244
0.5533
0.547814
0.427686
0.380951
0.267654
0.564135
0.586288
0.697597
0.776993
0.624296
0.269958
0.321767
0.65843
0.664292
0.288553
0.6246
0.547704
0.450257
0.427389
0.83332
0.466165
0.980723
0.253779
0.755778
0.498405
0.285985
0.439608
0.396834
0.478352
0.520791
0.554621
0.344634
0.509251
0.932138
0.548729
0.585162
0.617267
0.281523
0.575985
0.297535
0.819066
1.16835
0.88228
0.530243
0.530763
0.497326
0.725425
0.573489
0.833149
0.522436
0.0832035
0.920868
0.573994
0.414222
0.555767
0.367582
0.265068
0.140307
0.544812
0.383683
0.560524
0.610909
0.884405
1.09156
0.910448
1.20656
0.8584
0.766291
0.748288
0.264902
0.275644
1.11769
0.673688
0.375782
1.03637
0.555932
0.919019
0.306979
0.744464
0.88435
0.426564
0.905189
0.949956
0.790698
0.545854
0.470131
0.69988
0.831022
0.818739
0.364144
0.641974
0.327707
0.441254
0.789039
0.802806
0.755594
0.937044
0.231608
0.447457
0.427355
0.992268
1.2115
1.03296
0.902071
0.372708
0.774485
0.493108
0.393376
0.595175
1.0402
0.693299
0.919273
0.838727
0.646598
0.783506
0.962679
0.45504
0.876653
0.387843
0.651623
0.869872
0.545681
0.180879
0.859012
0.838668
0.895857
0.944133
0.575016
0.919605
0.784725
1.34771
1.05571
0.769602
0.639518
0.464537
0.650003
0.939986
0.201485
0.969425
0.564501
0.822621
0.38512
0.314855
0.498385
0.623286
0.672316
0.745009
0.895244
0.68932
0.791742
0.39387
0.630167
0.967299
0.929644
0.871354
0.66111
0.406048
0.298209
0.337209
0.423531
0.521423
0.281073
0.540197
0.477929
0.513648
0.423277
0.855267
0.35648
0.945362
0.478558
0.43703
0.255197
0.460894
0.50576
0.451564
0.432671
0.376506
0.990666
0.253557
0.583407
0.582439
1.00996
1.00823
1.14791
0.554278
0.297106
0.482765
0.531821
0.466588
0.338233
0.562142
0.735182
0.728788
0.343064
0.276211
0.304192
0.685113
0.401956
0.861403
0.619521
0.788331
0.822344
0.722736
0.831874
0.672827
0.412838
0.567481
0.753628
0.472488
0.89566
0.84966
0.368999
0.576886
0.547455
0.897802
0.733966
0.880802
0.708052
0.799212
0.533584
0.940223
1.04269
0.532772
0.79245
0.592031
0.887906
0.938747
0.89841
0.788571
0.713709
0.923539
0.378715
0.747884
0.204856
0.717379
0.642988
0.405397
0.364402
0.80554
0.531493
0.961628
0.832793
0.853241
0.325393
0.298285
0.421607
0.584234
0.851373
0.47205
0.789427
0.290721
0.43235
0.452322
0.457861
0.494713
0.707249
0.284724
0.977521
0.863802
0.655853
0.74347
0.342614
0.483309
0.402786
0.430284
0.61493
0.888099
0.726382
0.837123
0.698155
0.695208
0.251809
0.788549
1.0155
0.38033
0.44964
0.55216
0.553731
0.379765
0.525603
0.346741
0.548533
0.514541
0.733481
0.128871
0.622951
0.693737
0.555665
0.393212
0.942436
0.804636
0.735388
0.598582
0.755045
0.964967
0.90983
0.654961
0.792063
0.175838
0.465131
0.296345
0.563302
0.608407
0.545613
0.705138
0.803207
0.391725
0.314256
0.291643
0.521567
0.347277
0.684669
0.514144
0.245702
0.463339
0.485316
0.24859
0.522793
0.625958
0.681389
0.978178
0.709077
0.829627
0.996889
1.03295
1.09738
0.666807
0.553846
0.883991
0.525919
0.295733
0.853703
0.972791
0.311092
0.585508
0.509631
0.34146
0.890082
0.703294
0.726933
0.876216
0.95392
0.994486
0.869543
0.311674
0.563753
0.393067
0.280297
0.816853
0.548336
0.95401
1.0942
1.04742
0.698575
1.25513
0.893607
0.635195
0.78579
0.494871
0.625894
1.01734
0.93035
0.387461
0.941485
0.780843
0.730813
0.354877
0.459844
0.201658
0.615697
0.958555
0.703557
0.848084
0.503565
0.178495
0.895453
0.73936
0.195287
0.906499
0.424527
0.86612
0.40005
0.566804
0.49997
0.952677
1.02703
0.9537
0.586685
1.17196
1.1731
1.08101
0.949973
0.70596
0.629674
0.676953
0.890731
0.79465
1.1367
0.642541
0.517568
0.474628
0.925352
0.454894
0.614825
0.419629
0.688827
0.404546
0.654101
0.707753
0.831955
0.846537
0.760989
1.10886
0.655328
0.268566
0.575872
0.758065
0.194214
0.274506
0.420115
0.367015
0.471629
0.742043
0.547411
0.849523
0.823332
0.255072
0.536932
1.17808
0.319653
0.418376
0.856593
0.315344
0.269893
0.859938
0.529026
0.711106
0.546702
0.233664
0.237124
0.688829
0.436253
0.660138
0.611882
0.513823
0.271448
0.161513
0.410954
0.597796
1.2883
1.04917
0.731139
0.669224
1.05934
0.619976
1.02192
0.244603
1.12962
0.574321
0.775612
0.473726
0.603306
1.00371
0.774184
0.629842
0.859664
0.95242
0.662532
1.10534
0.917526
0.439384
1.01829
0.9966
0.525192
0.649488
0.609152
1.14775
0.520309
0.825629
0.826189
0.214251
0.30579
0.356549
0.487896
0.956427
1.10278
0.606913
0.851709
0.747846
0.503773
0.734902
0.148629
0.734895
0.457614
0.635522
0.682706
0.654038
0.519239
0.53774
0.670907
0.292331
0.435151
0.715636
0.689104
0.598353
0.586319
0.488639
0.445558
0.328746
0.347434
0.669013
0.717521
0.911721
0.624817
1.26609
0.80784
1.04361
0.723971
0.281303
0.625497
0.477283
0.621635
0.377788
0.469469
0.180782
0.518175
0.347027
0.364495
0.190188
0.347339
0.633499
0.676286
0.698414
0.412054
0.378473
0.724085
0.401125
0.512758
0.964222
0.626811
0.525599
0.741151
0.839706
0.301745
0.397652
0.408968
0.909363
1.02696
0.883566
0.505763
0.276834
0.580549
0.337276
0.651471
0.208046
0.707927
0.408895
0.650645
0.521776
0.875294
0.932389
0.718791
0.666303
0.28079
0.376719
0.608148
0.388828
0.500414
0.605928
0.63041
0.603714
0.653011
1.10155
0.682615
0.47596
0.453679
0.508505
0.531773
0.52952
0.444687
0.571391
0.77935
0.694185
0.990708
1.07107
1.18708
0.88082
1.10011
1.00564
0.557861
0.709815
0.388708
0.367974
0.513519
0.55977
0.255443
0.511031
0.648792
0.736442
0.725468
1.02208
0.910685
0.816713
0.543782
0.280354
0.557555
0.593622
0.420898
0.319262
0.619813
1.1809
0.753724
0.977602
0.753401
0.594695
0.504661
1.02643
0.806085
0.734334
0.303344
0.579733
1.28585
0.535162
0.776001
0.672946
0.634055
0.608221
0.515642
0.213574
0.372594
0.344074
0.220787
0.457868
0.808575
0.584039
0.586975
0.460029
0.272291
0.544206
0.728212
1.26709
0.865601
0.950023
1.12333
0.609298
0.960275
0.642785
0.44723
0.376592
0.683864
0.649101
0.259584
0.68511
0.577399
0.611484
1.3637
0.546161
0.38413
0.685165
0.582214
0.173401
0.577403
0.530347
0.41267
0.787303
0.576192
0.35281
0.828146
0.71237
0.353911
0.284322
0.678726
0.392927
0.196709
0.849603
0.964394
0.948854
0.712448
0.54681
0.28089
0.677374
0.571507
0.471188
0.298725
1.15724
0.887129
0.665813
0.485843
0.769133
0.384366
0.94711
0.501739
0.814092
1.00401
0.953583
0.751802
0.608434
0.845363
0.74374
0.125815
0.547308
0.844685
0.633688
0.553681
0.793411
0.682144
0.701302
0.242997
0.49381
0.51111
0.46043
0.415068
0.857762
0.367041
0.303009
0.326359
0.353064
0.100096
0.792431
0.924455
0.824631
0.675518
0.455724
0.524708
1.00418
0.482182
0.58083
0.573785
0.589211
0.360477
0.280415
0.725831
0.675999
0.498658
0.493241
0.676898
0.408852
0.572373
0.989712
0.739824
0.293234
0.549998
0.840821
0.718062
1.04517
1.14394
0.940779
0.87439
0.0934382
0.828858
0.503316
1.10205
0.754536
1.06442
0.444761
0.693359
1.06743
0.700833
0.88789
0.702854
0.514525
0.646439
0.394545
0.239032
0.403814
0.331051
0.427791
0.648663
0.476788
0.530752
0.322882
0.30162
0.850418
0.399364
0.496528
0.319502
0.487472
0.706979
0.56627
0.575565
0.242806
0.415798
0.880536
0.674665
0.998751
0.899157
0.633123
0.517345
0.670037
0.521367
0.931789
0.378468
0.330861
0.539984
0.697693
0.331419
0.472557
0.510831
0.90214
0.918719
0.403237
0.34281
0.978494
0.783804
0.622053
0.637156
0.719727
0.65509
0.288198
0.742318
0.351322
0.828101
0.72002
0.436809
0.306476
0.649387
0.376038
0.914495
0.729151
0.770188
0.472534
0.783137
1.28564
0.705974
0.390543
0.458129
0.243746
0.662359
0.289458
0.255752
0.492554
1.03701
0.821946
0.516163
0.319384
0.119677
0.866177
0.570598
0.654867
0.434263
0.416771
0.69807
0.293245
0.515746
0.157463
0.67485
0.571715
0.216277
0.741425
0.68125
0.684542
0.278443
0.554559
0.452717
0.599465
0.418385
0.533949
0.118883
0.854865
0.710252
0.884975
0.573564
0.484645
0.56629
0.561117
0.469279
0.907591
1.21988
0.344352
0.201963
0.462102
0.795724
0.433358
0.729868
0.77591
0.86233
0.698637
0.594033
1.1677
0.719679
0.443228
0.378277
0.313673
0.51353
0.810628
0.961098
0.735973
0.802096
0.531434
0.52782
0.7157
0.594518
0.925849
0.873875
0.843587
0.941674
0.778458
0.469338
0.718949
0.863672
1.10227
1.01672
0.796406
0.977262
0.579226
0.505524
0.518303
0.530791
0.311042
0.548049
0.782443
0.787547
0.433234
0.353016
0.448103
0.263615
0.915737
0.287719
0.591847
0.235426
0.671732
0.748015
0.564934
1.10575
1.04337
1.03293
0.247316
0.323101
0.628738
0.534381
1.01468
1.03136
0.373587
1.05598
0.890118
0.969296
0.646687
0.39168
0.338412
0.799699
0.594366
0.672216
0.170589
0.795523
0.662195
0.503821
0.529735
0.500243
0.368045
0.299926
0.797734
0.767079
1.02132
1.02188
0.886229
0.569139
0.955744
0.315676
0.881388
0.638969
0.671047
0.975541
0.839564
0.81873
0.946935
1.19511
0.786312
0.640151
0.395222
0.601806
0.316123
0.495421
0.711752
0.810278
0.69717
0.795528
0.529244
0.519974
0.420683
0.727919
0.643226
0.900736
0.777966
0.729988
0.917674
1.07922
0.846894
0.610069
1.19293
0.720844
0.695342
1.19943
0.621136
0.652027
0.619228
0.803616
0.91888
0.463591
1.38686
1.10761
0.815439
0.768697
0.681557
0.68941
0.49102
0.55802
0.196069
0.655002
0.35466
0.699675
0.306002
0.45341
0.335263
0.586037
0.202948
0.540071
0.953228
0.377746
0.547265
0.601742
0.808422
0.75232
0.797717
0.505276
0.720564
0.764754
0.724501
0.503715
0.645892
0.461027
0.823196
0.509786
1.06641
0.663903
1.26921
0.706157
0.703166
0.265027
0.41251
0.58147
0.772084
0.740047
0.650681
0.240014
0.384279
0.40537
0.414014
0.458229
0.477918
0.808354
0.771494
0.846319
0.50131
0.411764
0.546248
0.650163
0.42711
0.837614
0.908298
0.878024
0.683947
0.280685
0.927515
0.957272
1.04151
0.556552
0.842608
1.07463
0.648088
0.456136
0.241374
0.769025
0.991032
0.781505
0.786695
0.9038
0.606505
0.446896
0.453844
0.624489
0.67938
0.806478
1.14069
0.924677
0.751398
0.6331
0.609502
0.477253
0.315235
0.673984
0.947642
0.952647
0.522182
0.659974
0.376691
0.550948
0.415862
1.03525
0.550624
0.190042
0.399928
0.858959
1.01233
0.389915
0.806626
0.747538
0.371937
0.46922
0.371989
0.679803
0.248405
0.700854
0.301728
0.493407
0.469976
0.468266
0.711201
0.346497
0.933566
0.668178
0.39311
0.655405
0.50639
0.438594
0.508941
0.425572
0.321864
0.425615
0.458706
0.76829
0.183316
0.471228
0.68786
0.0366667
0.713741
0.537803
0.967112
0.300861
0.557607
0.742914
0.3358
0.695467
0.375328
0.664843
1.03303
0.821775
0.681924
0.46153
0.681884
0.518111
0.508282
0.824855
0.795857
0.690594
0.801239
0.916717
0.658755
0.899679
0.558244
0.816838
1.0975
0.667622
0.48359
0.866289
0.992682
1.05777
1.29366
0.58736
1.11822
0.668013
0.967688
1.06788
0.17272
0.711196
0.990601
1.00176
0.556003
0.352998
0.254746
0.752539
0.804706
1.10696
0.517787
0.558935
1.10769
0.929747
1.14754
0.426959
0.852349
0.467133
0.534758
0.184643
0.599907
0.553043
0.966938
0.60459
0.638171
0.758831
0.808287
0.862355
0.816076
0.437834
0.59641
0.217952
0.43743
0.81003
0.6777
0.276599
0.484064
0.752887
1.21251
0.880375
1.15664
1.31093
0.928605
0.705402
0.856834
0.418726
0.645877
0.205911
0.601203
0.58534
0.792874
0.729487
0.42676
0.805013
0.702
0.459378
0.726997
0.532625
0.466727
1.00166
0.56975
0.537208
0.880548
0.429975
0.548596
0.808862
0.643602
0.852268
0.423084
0.597144
0.701238
0.661049
1.03391
0.779458
1.28025
0.685419
0.421383
0.441049
0.45788
0.801179
0.564118
0.375641
0.750187
0.913783
0.919036
0.399061
0.604112
0.381408
0.400226
1.10812
0.772417
0.254783
0.436431
0.924449
0.627429
0.187729
0.803939
0.394309
0.730768
0.785792
0.337909
0.328882
0.696708
0.62637
0.787454
0.635139
0.543266
0.784209
0.909013
0.587986
0.682748
0.662477
0.332876
0.163433
0.374238
0.562779
0.934209
1.07819
0.490617
0.372174
0.792376
0.270092
0.444712
0.477258
0.862021
0.380126
0.241857
0.650013
0.651462
0.491827
1.01179
0.78053
0.529107
0.676858
0.66215
0.604251
0.603556
0.818228
0.397916
0.66219
0.424646
0.444516
0.598388
0.433036
0.859822
0.848863
0.614639
0.192457
0.255257
0.58605
0.982353
1.07353
0.786197
0.43085
0.672707
0.376709
0.773033
0.270901
0.363908
1.11315
0.937782
1.02306
0.966336
0.436595
1.30633
1.3693
0.447809
0.868394
0.672007
0.65326
0.4695
0.700098
0.318848
0.387174
0.829609
0.55504
0.373136
0.505106
0.217542
1.03321
0.634034
0.352571
0.450757
0.608154
0.333787
0.62164
0.77991
0.99738
0.907373
0.755371
0.972489
0.153436
0.479738
0.887604
0.606458
0.461602
0.661549
0.418601
0.745268
0.556869
0.775573
0.439632
0.847507
0.718072
0.352598
0.363422
0.664337
0.341348
0.6774
0.580481
0.881723
0.884582
0.51979
0.140189
0.458322
0.843914
0.336989
0.383262
0.663297
0.773377
0.482204
0.50167
0.366756
0.887258
0.53885
0.38456
1.06701
0.687496
0.245593
0.683217
0.74128
0.685447
0.557218
0.412182
0.897318
0.63967
1.06761
0.247245
0.639848
0.759658
0.505185
0.62085
0.546735
0.363168
0.265
0.883958
0.869755
0.555467
0.586999
0.719744
0.764216
0.673142
0.565342
0.982658
1.23236
0.51286
0.543979
0.450057
0.779608
0.651296
0.581728
0.248583
0.930936
0.79025
0.442945
0.439173
0.543741
0.88128
1.01128
0.899552
0.752042
1.20327
1.05647
0.593766
0.60504
0.88888
0.479956
1.13968
0.746201
0.861114
0.54743
0.512561
0.547984
0.406969
0.596347
0.517826
0.623304
0.590936
0.570645
0.678719
0.35281
0.880666
0.598268
0.629846
0.806428
0.408102
0.332866
0.321422
0.683152
0.978315
0.346741
1.24068
0.983014
0.767999
0.832234
0.732896
0.715897
0.746276
0.63568
0.574662
0.825494
0.771321
0.72101
0.992714
0.658558
0.840253
0.489793
0.416447
0.362552
0.402764
0.876034
0.970127
0.722248
0.916677
0.785117
0.780844
0.595134
0.788957
0.848953
0.427039
0.240448
0.539356
0.832533
0.531443
0.562702
0.358869
0.662103
0.655419
0.397601
0.63679
1.00869
0.963922
0.85366
1.00817
0.856471
0.330629
0.440334
0.605618
0.439815
0.845489
0.953684
0.501898
0.538525
0.675543
0.815637
0.932895
0.595403
0.480265
0.663773
0.715656
0.421997
0.832827
0.214597
0.450719
0.429499
0.558471
0.505553
0.452254
0.775532
0.644025
0.607147
0.45916
0.995565
1.06903
0.818964
0.263723
0.927965
0.65377
0.377257
0.646159
0.903784
0.594449
0.838002
0.710428
0.757916
0.363927
0.900416
0.430541
0.78166
0.874985
0.256281
0.877942
0.818628
0.592653
0.93905
0.681198
0.690827
0.747235
0.849568
0.641133
0.867109
1.00749
0.596891
0.822914
0.625288
0.557292
0.539914
0.303351
0.711506
0.638261
0.796065
0.698362
0.804132
0.251222
0.72945
0.53736
0.656363
0.778354
0.829049
0.564372
0.48541
0.633177
0.162241
0.551593
0.477297
0.493846
0.2154
0.494356
0.56355
0.626664
0.419251
0.342104
0.716511
0.68833
0.979506
0.263565
0.435515
0.424143
0.404258
0.849866
0.919849
0.910479
0.606674
0.934951
1.18506
0.353741
0.541839
0.550397
0.247346
0.398168
0.581481
0.669472
0.780987
0.746651
0.587996
0.237265
0.298202
0.652966
0.81566
0.774719
0.457028
0.264063
1.04845
0.425153
0.433957
0.444996
0.613995
0.270183
0.770486
0.703831
0.768976
0.777687
0.282851
0.538967
0.222992
0.681896
0.339265
0.586213
0.87721
0.478596
0.285509
0.768794
0.487076
0.772003
0.594681
0.372636
0.652572
0.473856
1.1873
0.728161
0.59365
0.385484
0.834789
0.571594
0.271304
0.670667
0.443944
0.753523
0.896909
0.572591
0.350958
0.491497
0.722542
0.834396
0.819803
0.614428
0.301171
0.556184
0.707361
0.714459
1.26033
0.672372
0.415323
0.306733
0.365017
0.578697
0.771839
0.531154
0.250401
0.421273
0.548045
0.387196
0.660389
1.09939
0.512623
0.916882
0.445132
1.00158
0.740969
0.704056
0.787068
0.654471
0.64618
1.29639
0.91352
0.630931
0.471838
0.55227
1.02874
0.700848
0.720073
0.400829
0.901052
0.657128
0.324973
0.511529
0.536779
0.56586
0.785159
0.958183
1.12907
1.10219
0.897242
0.745626
0.953943
0.845016
0.671008
0.520853
0.659571
0.611461
0.368593
0.587331
0.414699
0.452604
0.252295
0.453238
0.423978
0.36369
0.680243
0.407536
0.542522
0.6882
0.800153
0.504808
0.638756
0.70674
0.612018
0.799537
0.460763
0.451994
0.667553
0.604108
0.658237
0.22221
0.458243
0.731461
0.603862
0.489513
1.02484
0.719388
0.534956
0.5506
0.524382
0.349371
0.520996
0.711692
0.823919
0.381211
0.353975
0.624403
0.630631
0.588732
0.63903
0.966859
0.528997
0.440989
0.653188
0.427488
0.40628
0.619556
0.52657
0.382758
1.15332
0.754711
0.633432
0.407647
0.56984
0.763322
0.803582
0.442203
0.68881
0.450179
0.672936
0.658534
0.715312
0.756707
0.496572
0.579689
0.877669
1.24394
0.624865
0.712749
0.700411
0.388015
0.759125
0.724046
0.882835
0.462747
0.49863
0.559515
0.20222
0.406584
0.21872
0.393273
0.152896
0.814226
0.273996
0.582389
0.497132
0.598301
0.648605
0.558824
0.653598
0.720034
0.654301
0.642173
0.735169
0.861173
0.398145
0.666982
0.481338
0.381568
0.11304
0.709404
0.618432
0.316077
0.577707
0.550677
0.382321
0.591239
0.528658
0.488068
0.521248
0.554791
0.502204
0.701531
0.5734
0.624859
0.494228
0.643149
0.321718
0.296224
1.09081
0.42149
0.532407
0.56965
0.856155
0.729037
1.03508
0.553019
0.727989
0.328415
0.370449
0.241238
0.361701
0.379774
0.814483
0.408922
0.23147
0.183787
1.01382
0.637394
0.405615
0.298401
0.679338
0.634979
0.618952
0.788431
0.421135
0.852633
0.938033
0.392986
0.484013
0.519292
0.530347
0.54937
0.509419
0.408914
0.410044
0.405432
0.392493
0.508943
0.6842
0.733431
0.577105
0.500312
0.583393
0.693753
0.801967
0.435077
0.613722
0.505505
0.859028
0.541546
0.357323
0.255069
0.894598
0.231493
0.312019
0.504767
0.376017
0.644366
0.87422
0.45819
0.899425
1.14697
0.568602
0.304179
0.563486
0.503892
0.933185
0.615966
0.77096
0.827227
0.731953
0.457693
0.384777
0.667879
0.593121
0.304528
0.413544
0.442794
0.79534
0.580336
0.382547
0.361683
1.14937
1.0007
0.860722
0.8377
0.621047
0.373492
0.584147
1.08233
0.715871
1.21643
0.572701
0.403137
0.329949
0.415458
0.755732
0.775961
0.940122
0.558909
0.899456
0.467053
0.420575
0.548288
0.298107
0.484011
1.09438
1.09923
0.594411
0.742885
0.367591
0.236271
0.387844
0.675821
0.227872
0.263658
0.796338
1.27836
0.443915
0.547215
0.285881
0.603478
0.263985
0.422304
0.772808
0.642632
0.225397
0.683604
0.646883
0.588766
0.29306
0.24756
0.377048
0.887555
0.322053
0.816849
1.04144
0.928334
0.891122
0.343515
0.592948
0.142158
0.301815
0.453676
0.453831
0.586243
0.397746
0.697287
0.454985
0.489322
0.596037
0.266469
0.873864
0.563896
0.461461
0.660564
0.603039
0.708287
0.242607
0.571541
0.735051
0.674013
0.793712
0.444082
0.133635
0.219468
0.470456
0.551515
0.628327
0.508898
0.234444
0.614083
0.315127
0.312423
0.536264
0.58012
0.491123
0.54071
0.626204
0.842492
0.710215
0.692201
0.779365
0.609509
0.356324
0.989986
1.00211
0.87377
0.449664
0.747855
0.659667
0.865223
0.598363
0.93174
0.590143
0.592013
0.598119
0.315091
0.41167
0.438133
0.382507
0.73424
0.673709
0.613738
0.408766
0.616825
0.736536
0.504892
0.634399
0.683175
1.18125
0.723653
0.263082
0.253682
0.757038
0.868976
0.293393
0.267373
0.65747
0.399838
0.413411
0.480378
0.718397
0.391215
0.287832
0.433529
0.363532
0.667353
0.487755
0.378047
0.566644
0.477864
0.472393
0.520876
0.857674
0.53595
0.402769
0.440937
0.331963
0.74173
0.547065
0.707016
0.559443
0.547129
0.814467
0.448324
0.587298
0.757569
0.0796631
0.31159
0.416801
0.44367
0.624872
0.765589
0.804481
0.426488
0.27863
0.547543
0.640137
0.535882
0.620928
0.432986
0.687903
0.798641
0.746306
0.541752
0.48552
0.440045
0.280657
0.322485
0.275921
0.629894
0.997919
0.943815
0.767279
1.21999
0.776004
0.69757
1.09652
1.06301
0.950528
0.664682
1.12203
1.08078
0.76695
1.05735
0.493807
0.992045
0.830453
0.417177
0.260164
0.410379
0.565697
0.376843
0.37533
0.251914
0.85885
0.410108
0.469462
0.529602
0.280185
0.441947
0.535712
0.554684
0.97379
0.708415
0.354333
0.205569
0.426308
0.554753
0.5201
0.685654
0.371026
0.881397
0.430205
0.617373
0.784526
1.13244
0.557466
0.78145
0.669089
0.335796
0.558364
0.891437
0.652746
0.504477
0.406754
0.679705
0.747928
0.546069
0.78564
0.394215
0.806729
0.718061
0.759839
0.499552
0.887838
0.653319
0.901479
0.299505
0.576585
0.518002
0.755423
0.548205
0.917294
1.12953
1.09223
0.908166
0.853286
0.534186
0.352441
0.396487
0.456623
0.38501
0.464985
0.362321
0.541479
0.451515
0.704098
0.694954
0.33779
0.611034
0.832346
0.536117
0.927318
0.631334
0.713036
0.779775
0.878824
1.01363
1.03906
0.581361
0.968487
0.476874
0.480843
0.487894
0.972928
0.939043
0.322529
0.462801
0.654724
0.316422
0.41324
0.386105
0.648157
0.72403
0.845482
0.606742
0.415858
0.404448
0.489229
0.562849
0.593343
0.630048
0.643579
0.566332
0.634628
0.338462
0.778821
0.738965
0.294878
0.772107
0.499211
0.58622
0.117005
0.761107
0.768473
1.0365
0.899952
0.891826
0.679782
0.765947
0.618126
0.200443
0.567865
0.756573
0.807821
0.446988
1.12988
0.739555
0.631351
0.776171
0.44148
0.769154
0.625761
0.444996
0.87301
1.1017
0.470196
1.096
0.481357
0.699453
0.395004
0.19716
0.488391
1.07147
1.02795
0.650733
0.888942
0.636375
0.769379
0.177908
0.737189
0.733917
0.321895
0.762952
0.310006
0.20826
0.358809
0.922122
0.394642
0.465074
0.514288
0.981578
1.02502
0.74018
0.258475
0.742395
0.712341
0.891081
0.53254
0.769055
0.527515
0.656087
0.209496
0.556353
0.671775
0.514849
1.41531
0.782823
0.713349
0.428683
0.538237
0.458453
0.225694
0.513691
0.429945
0.64491
0.260761
0.833986
0.844354
0.457975
0.457774
0.73114
0.194141
0.507974
0.399896
0.68697
0.735097
1.00286
0.530009
0.382717
0.683451
1.13204
0.556921
0.478414
1.01351
0.887458
0.922634
0.557319
1.36061
0.87857
0.666731
0.235445
0.459529
0.305239
0.538021
0.764285
0.426979
0.835504
0.517774
0.623983
0.479005
0.33609
0.529468
0.430445
0.599708
0.537522
0.623581
0.727311
0.518696
0.587858
0.58999
0.474138
0.256977
0.893505
0.844054
0.287496
0.556034
0.996489
0.9115
0.654613
0.789159
0.438878
0.254571
0.818441
1.00738
0.803135
0.587129
0.484115
0.600056
0.913026
0.538599
0.307968
0.674748
0.292425
0.257691
0.505521
0.538348
0.594038
0.350164
0.312401
0.303526
1.07995
0.435877
0.592043
0.440784
0.858695
0.830016
0.712797
1.04441
0.436475
0.678317
0.667262
0.365247
0.664154
0.402466
0.453961
0.745837
0.775404
0.806225
0.325621
0.685226
0.666887
0.450322
0.427418
0.896697
0.604838
0.260265
0.430776
0.510595
0.33739
0.376368
0.49937
0.626475
0.484467
0.310895
0.670004
0.231104
0.580305
0.360509
0.364893
0.47902
0.668716
0.965041
0.349619
0.568812
0.290767
0.280292
0.724873
0.409737
0.412636
0.604502
0.310677
0.196529
0.384492
0.610594
0.699214
1.09207
0.322348
0.808813
0.605864
0.459871
0.771722
0.903514
1.01777
0.580228
1.19851
0.771754
0.584607
0.728536
0.77949
0.990198
0.438107
0.989951
0.761131
0.567722
0.474144
0.828476
0.201395
0.738716
0.963351
0.54476
0.198223
0.438194
0.459254
0.664349
0.595167
0.661209
0.590303
0.873884
1.07922
0.561959
0.60593
0.781123
0.569445
0.640224
0.641515
0.804044
0.940571
0.527384
0.329187
0.803625
0.539849
0.938076
0.686239
0.459093
0.391565
0.23268
0.554387
0.283163
0.749444
0.626362
0.293935
0.758997
0.641089
0.707068
0.50382
0.644572
0.511281
0.113411
0.646205
0.47701
0.487685
0.536957
0.531904
0.290344
0.522952
0.580184
0.333942
0.269324
0.482486
0.699169
0.425432
0.561754
0.207417
0.533336
0.565225
0.218411
1.02583
0.355424
0.546423
0.568601
0.456385
0.800765
0.484579
0.751972
0.870495
0.548741
0.374933
0.879459
0.24832
0.446166
0.479236
0.777079
0.631215
1.04833
1.53186
1.20808
1.14497
1.10551
0.695411
0.387538
0.398752
0.949796
0.860965
0.820941
1.28339
1.24932
0.635862
0.397653
0.581757
0.581246
0.546484
0.745167
0.477965
0.885391
0.920233
0.288183
0.957732
0.530359
0.472738
0.412448
0.273168
0.189228
0.612147
0.386929
0.481901
0.674156
0.871253
0.39045
0.780059
0.400356
0.511838
0.419497
0.252726
0.414409
0.396679
0.400419
0.614353
0.537943
0.371881
1.05747
0.671641
0.679023
0.890657
0.514032
0.884243
1.25772
0.471279
0.768162
0.488656
0.441519
0.657442
0.63802
0.81197
1.04513
0.679451
0.517837
0.592161
0.732684
0.526241
0.731927
0.41887
0.540134
0.480297
0.295592
0.549768
0.458624
1.01427
0.284493
0.46074
0.550635
0.325067
0.535295
0.205371
0.4603
0.450668
0.504968
0.601765
0.80447
1.06787
0.70907
0.35927
0.227992
0.866028
0.672079
0.604156
0.400175
0.389308
0.680177
0.379546
0.406993
0.698037
0.533455
0.792382
1.41142
0.768565
0.0383695
0.271054
0.687004
0.307769
0.762843
0.60994
0.59612
0.209739
0.629608
0.680619
0.951505
0.612874
0.763699
0.60342
0.550055
0.623693
1.00965
0.433909
0.305581
0.524787
0.419792
0.57911
0.465201
0.444608
1.0944
0.766689
0.584525
0.829547
1.01557
0.921413
0.94836
0.690521
0.66249
0.348347
1.01679
0.771836
0.923702
0.968114
1.17155
1.02856
0.989701
0.874294
0.890827
1.05591
0.679002
0.756415
1.56898
0.670043
0.698613
0.877613
0.454603
0.796006
0.640442
0.391575
0.378026
0.654935
0.352959
0.551466
0.347426
0.303242
0.492294
0.443289
0.751893
0.522338
0.847721
0.307578
0.573051
0.752259
1.06925
0.883295
0.578917
0.626641
0.56573
0.244593
0.172466
0.766375
0.607368
0.888682
0.175774
0.631888
0.523949
0.525335
0.574254
0.605934
0.644948
0.929415
0.508638
1.16988
0.495126
0.937946
0.818849
0.503047
0.329072
0.551174
0.798169
0.717308
0.990144
1.13759
1.02744
1.22703
0.754086
0.898199
1.04955
0.241446
0.731408
0.676337
0.524641
0.707336
1.03838
0.634274
0.300855
1.20176
0.760783
0.423777
0.840294
0.703359
0.747119
0.805577
0.57244
0.600352
0.114215
0.387678
0.357966
0.383149
0.79337
0.287101
0.466791
0.357722
0.604577
0.485338
0.951404
0.761433
1.08955
0.410632
0.859833
0.790147
0.380007
0.752614
0.61284
0.730793
0.87838
0.322006
0.519063
0.856713
0.565916
0.816278
0.413021
0.698075
0.900757
0.561093
0.537759
0.545788
0.417319
0.581711
0.246375
0.604493
0.630167
1.01093
1.12773
0.983632
0.852046
1.43919
1.25116
0.129144
1.13225
0.76441
0.828785
0.763606
0.63616
0.503342
0.298495
0.700572
1.29955
0.664042
0.48559
0.504032
0.234954
0.27016
0.485808
0.898181
0.579028
0.76734
0.608804
0.76765
0.36911
0.966784
0.455661
0.540792
0.443418
0.644028
0.643461
0.703613
0.643798
0.318142
0.440723
1.21372
0.499522
0.759973
0.820011
0.76576
0.60201
0.436038
0.862087
0.721888
0.277869
0.117031
0.267281
0.66413
0.476639
0.53016
1.20507
0.402721
0.470416
0.213082
0.816047
0.785465
0.801864
0.638528
1.14312
1.04823
0.848295
0.665722
0.588812
0.474563
0.313731
0.398432
0.732704
1.12283
0.634103
0.660645
0.841245
0.76299
0.549289
0.347293
0.348477
0.300003
0.767755
0.326685
0.471957
0.434539
0.337484
0.311332
0.795147
0.749016
0.775561
0.554962
0.702575
0.324321
0.591099
0.539846
0.873322
0.741353
0.334519
0.579258
0.427075
0.284436
0.465201
0.575596
0.776895
0.66726
0.540264
0.346237
0.18151
0.554155
0.792669
0.751454
0.786874
0.728221
1.02889
0.807789
0.761228
0.661996
0.451426
0.565647
0.780773
0.825113
0.438767
0.796849
0.407676
0.471132
0.757577
0.614385
0.467292
0.542863
1.03712
0.89331
0.441006
0.385732
0.732613
0.864381
0.83979
0.532138
0.556226
0.852109
0.532104
0.650637
0.457655
0.839823
0.33094
0.755593
0.690262
0.351189
0.637578
0.357277
0.558457
0.453808
0.313444
0.85561
0.287099
0.83145
0.468255
0.585115
0.379824
0.462206
0.451143
0.554338
0.748581
0.768566
0.538518
1.15608
1.18837
0.885215
0.591001
0.348578
0.451377
0.641467
0.402111
0.373385
0.479744
0.490738
0.277659
0.337049
0.589594
0.974759
0.632237
0.690688
0.356644
0.360736
0.565331
0.533204
0.595417
1.09315
0.885067
0.560921
0.700907
0.479182
0.604964
0.577658
0.534399
0.502662
1.00765
0.568448
0.315154
0.626349
0.424919
0.558858
0.96254
0.783953
0.787453
0.708268
1.01632
0.614267
0.747848
0.658889
0.805916
0.83668
0.874461
0.766896
0.457485
0.454564
1.08815
0.670319
0.499052
0.671261
0.67495
0.710486
0.94939
1.54676
0.467169
0.802632
0.838905
0.496501
0.668516
0.36164
0.613306
0.479931
0.668556
0.435707
0.693775
0.84475
0.822491
0.551174
0.397726
0.330229
0.580967
0.512511
0.649381
0.606717
0.585972
1.11216
0.311621
0.938428
0.47569
0.333756
0.481918
0.341116
0.658224
0.588353
0.892545
0.799341
0.752529
0.660538
0.208222
0.928293
0.428133
0.946829
1.26897
0.88294
1.01026
0.375245
0.216942
0.321081
0.536886
0.479755
0.232748
0.91629
0.342071
0.637613
0.230819
0.365492
0.991601
0.20553
0.37083
0.593837
0.870601
0.777178
0.703301
0.436453
0.557447
0.761952
0.867128
0.672565
0.48897
0.599045
0.756778
0.771185
0.815096
0.924724
0.860866
0.598525
0.47284
0.726664
0.362459
0.388406
0.304109
0.700865
0.423238
0.428643
0.213591
0.359609
0.417841
0.50871
0.685134
0.796295
0.630788
0.34666
0.960903
0.904378
0.803381
0.482544
0.79823
0.665662
1.098
0.668165
0.768313
0.700557
0.592114
0.81501
0.127071
0.336231
1.00776
0.541779
0.649587
0.5217
0.485948
0.580578
0.10496
0.608767
0.415075
0.796117
0.59121
0.785921
0.538798
0.619134
0.61838
0.325246
0.691887
0.441106
0.399599
0.385465
0.502473
0.200457
0.505565
0.466417
0.347948
0.442293
0.523615
0.917487
0.917231
0.732025
0.941843
0.314979
0.456981
0.452382
0.782882
0.555167
0.60239
1.12644
0.707959
1.17716
1.18519
1.28363
0.95183
0.594545
0.672828
0.52126
0.810077
0.6054
1.04645
0.654567
0.470321
0.580641
1.0024
0.414192
0.603929
0.559142
0.453709
0.623368
0.529354
0.186405
0.532204
0.416418
0.613934
0.570853
0.452114
0.745995
0.618643
0.474595
0.391855
0.891186
0.604134
0.541295
0.515938
0.698498
0.671059
0.249366
0.183533
0.280151
0.492918
0.73364
0.855721
0.905247
0.945302
0.71918
0.668371
0.316318
0.555373
0.641717
0.712689
0.790699
0.647675
0.264705
0.962884
0.650857
0.551127
0.3377
0.225797
0.720905
0.489146
0.539702
0.659479
0.896449
0.747348
0.498844
0.143352
0.893606
0.858451
1.07215
0.842026
1.1868
0.622272
0.632326
0.554244
0.477641
0.894107
0.44934
0.263769
0.880553
0.825332
0.317751
0.398097
0.494443
0.398607
0.7946
0.836229
0.675159
0.337857
0.35058
1.01361
0.558815
0.937719
0.747192
0.57923
0.410677
0.724683
0.612285
0.29028
0.432505
0.368631
0.796246
0.778166
0.517972
0.68272
0.321181
0.403842
0.858082
0.880736
0.21292
0.369253
0.492331
0.47994
0.488394
0.896925
0.403115
0.706903
0.601638
0.362955
0.768137
0.901641
0.93122
1.04502
0.640327
0.751798
0.735195
0.774103
0.668003
0.273879
0.260938
0.736916
0.598481
0.302849
0.3827
0.644043
0.886667
1.28011
0.815291
0.888256
0.666131
0.602947
1.00653
0.431727
1.00844
0.669821
0.734553
0.776946
0.946761
0.90011
0.590574
0.805765
0.580708
0.556426
0.524153
0.309443
0.58759
0.632058
0.587359
0.975639
0.544958
0.43499
0.880143
0.368228
0.432658
0.416556
0.151159
0.681601
0.26654
0.43644
0.375052
0.692231
0.211849
0.575417
0.804816
0.735115
0.506748
0.916368
0.755783
0.209824
0.408557
0.220338
0.41256
0.731492
0.560034
0.546669
0.563535
0.286217
0.486959
0.462494
0.504494
0.440531
0.511007
0.494201
0.310981
0.245395
0.173565
0.525699
0.724683
0.74896
0.730414
0.494558
0.548432
0.490267
0.485122
0.973495
0.565996
0.275202
0.893015
0.189402
0.529182
0.881661
0.494443
0.683258
0.677342
0.443068
1.04877
0.303019
0.883181
0.467366
0.362982
0.408582
0.491911
0.680791
0.830202
0.410905
0.485389
0.432359
0.290054
0.469139
0.629516
0.446089
0.68901
0.554185
0.485439
0.181379
0.349097
0.606928
0.267942
0.163842
0.234996
0.278421
0.530477
0.417744
0.351043
0.32702
0.344923
0.470928
0.794157
0.768462
0.421121
0.725898
0.443949
0.524942
0.863757
0.770975
0.656645
0.592987
0.354794
0.95719
0.624375
0.324902
0.675789
0.497597
0.477715
0.616724
0.402742
0.619778
0.255018
0.655992
0.577717
0.531729
0.630538
0.943681
0.506129
0.771205
0.178009
0.749201
1.14916
0.990394
0.90561
0.7305
0.726869
0.667083
0.726465
0.560049
0.564917
0.817954
0.432167
0.199617
0.445175
0.788615
0.868208
0.667117
1.15822
0.427944
0.24711
0.607739
0.564779
0.951705
1.0502
1.14998
0.815086
0.800008
0.564894
0.514537
0.75887
0.915364
0.803588
0.777825
0.323435
0.619635
0.993499
0.523608
0.561976
0.774854
0.546755
0.401509
0.473114
0.780982
0.320239
0.446673
0.506881
0.669933
0.846672
0.602194
0.768439
0.80453
0.463833
0.780275
0.521939
0.937185
0.89622
1.09489
0.888415
0.82393
0.448763
0.193794
0.656637
0.515684
0.638191
0.575011
0.722503
1.04146
0.97063
0.706576
0.665105
0.535971
0.640323
0.964731
1.0424
0.640264
1.07204
0.953078
0.581845
1.07038
0.319825
0.388739
0.779088
0.891574
1.05429
0.540937
0.85363
0.410609
0.299951
0.758699
0.698514
0.491344
0.277524
0.795151
0.138779
0.665025
0.47054
0.586732
1.01758
0.714762
0.693904
0.528832
0.733018
0.778462
0.495791
0.733189
0.995627
0.4882
0.469642
0.595573
0.601619
0.669008
0.276767
0.403029
0.457481
0.884728
0.684002
0.335509
0.552185
0.960389
0.554175
0.62418
0.388206
0.738175
0.94491
0.57857
0.805744
0.616363
0.088187
0.77481
0.520447
0.899103
0.649397
0.377068
0.598058
0.394655
0.675179
0.785555
0.531975
0.0584678
0.538748
0.700444
0.458924
0.363069
0.809697
0.882448
0.462139
0.519305
0.753029
0.565278
0.661279
0.692107
0.44868
0.78792
0.776028
0.532634
0.357926
0.721939
0.47421
0.48517
0.198407
0.777856
0.619776
0.421256
0.571406
0.902683
0.191281
0.57645
1.07808
1.13902
0.431234
0.7061
0.882635
0.529936
0.283518
0.412278
0.69786
0.627426
0.519879
0.534422
0.56896
0.635487
0.764483
0.859062
0.840257
0.629799
0.765546
1.02645
0.428472
0.761254
0.204024
0.875761
0.687366
0.316194
0.608632
1.1105
0.828293
0.87068
0.617449
0.826874
0.585803
0.8074
0.604594
0.263076
0.558067
0.843915
0.830395
0.717697
0.598414
0.647739
0.773429
0.789948
0.750562
1.1736
1.01087
0.903784
0.658264
0.694023
0.750266
1.01126
0.719001
0.676701
1.02915
0.620443
0.828942
0.793465
0.835395
0.576508
0.284419
0.53427
0.500072
1.09097
0.968145
0.780928
0.514545
0.810521
0.436867
0.580182
0.639855
0.341041
0.922868
0.713022
0.61225
0.693502
0.635104
0.984941
0.47373
0.369764
0.570059
0.853032
1.07491
0.736779
0.503499
1.09867
0.892305
0.741537
0.561105
0.53712
0.691089
0.536515
0.437852
0.817422
0.286117
0.475086
0.571431
0.583454
1.01455
0.6025
0.681067
0.699712
0.775551
0.370448
0.543193
0.930922
0.334104
0.404183
0.347452
0.496756
0.351536
0.78586
0.248042
0.718876
0.94685
0.420678
0.734663
0.739901
0.74128
0.523892
0.805889
0.454537
0.746949
0.846594
0.897054
1.33996
0.447069
0.543814
0.347889
0.667038
0.707129
0.423862
0.570098
0.913471
0.663613
0.513545
0.927864
0.387424
0.749934
0.557178
0.437114
0.365481
0.751328
0.293012
0.588567
0.851628
0.849139
0.601593
0.415852
0.343305
0.563661
0.464605
0.713379
0.683716
0.588384
0.557545
0.712875
0.564789
0.922532
0.65445
1.02171
0.608345
0.323161
0.505834
0.441308
0.654719
0.923686
0.752719
0.597769
0.244462
0.560336
0.459341
0.765651
0.778542
0.916673
0.908895
1.13938
0.91469
1.12813
0.772258
0.953461
0.956141
0.839461
0.509443
0.980714
0.768754
1.26253
0.889166
1.19901
1.14352
0.956367
1.08024
0.672007
0.765931
0.946575
0.597142
0.573602
0.567334
1.02767
0.408477
0.289437
0.393875
0.753429
0.955743
1.43743
0.894716
0.812626
0.598836
0.62899
0.728495
0.493244
0.377044
0.810587
0.477154
0.76304
0.460115
0.335467
0.764358
0.632312
0.366527
0.611053
0.530364
0.586059
0.539174
0.439163
0.699808
0.626903
0.820266
0.783199
0.596351
0.687699
0.530274
0.601321
0.321037
0.594687
0.597124
0.826231
0.566555
0.624667
0.848286
0.569034
1.21618
0.702677
0.470639
0.641471
0.765643
0.410423
0.764534
0.5092
1.05355
1.12692
0.80783
0.215292
0.707873
0.684423
0.838397
0.881835
0.956598
0.829241
1.25396
0.735613
0.367172
0.688632
0.471272
0.804921
0.768344
0.56725
0.563796
1.09385
0.78641
0.775719
0.45055
0.522967
0.68342
0.584014
0.530901
0.783394
0.825167
0.322176
0.541005
0.623151
0.366753
0.952921
0.543515
0.706741
0.342858
0.209983
0.660068
0.697845
0.393365
0.643459
0.476035
0.531004
0.317024
0.228219
0.779328
0.891828
0.418403
1.038
0.346386
0.437576
0.637081
0.325422
0.662529
0.732725
0.504442
0.708486
0.994408
0.690702
0.459356
0.927373
0.985588
0.424021
0.698021
0.55181
0.381469
0.305156
0.511899
0.63962
0.875016
0.604097
0.498504
0.473727
0.686931
0.801646
0.870254
0.404525
0.491898
0.56446
0.554521
0.671718
0.377671
0.947808
0.293626
0.391818
0.56884
0.326933
0.995402
0.189111
0.440729
0.347294
0.914398
0.613976
0.445554
0.86075
0.655766
0.849352
0.721883
0.308255
0.419621
0.652014
0.490427
0.608586
0.401227
0.496072
0.61296
0.479359
0.979199
1.14426
1.23911
0.992653
0.710937
0.660948
0.663278
0.785145
0.588366
0.566441
0.346294
0.388789
0.561546
0.584098
0.584481
0.721684
0.352776
0.713166
0.486962
0.570432
0.167251
0.54978
0.464236
0.907678
0.731511
0.675765
0.806202
0.325815
0.451889
0.804735
0.315437
0.976194
0.244404
0.626615
0.730632
0.765936
0.601131
0.536091
0.630137
0.403615
0.52678
0.902396
1.10735
0.683576
0.503479
0.660788
0.702245
0.5359
0.471055
0.804153
0.573092
1.27911
1.20564
0.719737
0.301908
0.919671
0.369005
0.616682
0.475652
0.777199
0.320783
1.27801
0.570401
0.739022
0.376255
0.438402
0.585469
0.55162
0.592857
0.921081
0.497634
0.285886
0.738527
0.947399
0.633464
0.747052
0.536305
0.299667
0.407408
0.499368
0.696103
0.503242
0.704342
0.980842
0.702734
0.390105
0.752437
0.415844
0.812255
0.369313
0.575097
0.686581
0.662072
0.78437
1.00228
0.721187
0.504457
0.311395
0.660689
0.490107
0.52146
0.852124
0.364366
0.429387
0.785886
0.43578
0.724191
0.558088
0.720966
1.00222
0.921004
1.16832
0.983437
0.587246
0.746893
0.784709
0.588883
0.709985
0.219835
0.398489
0.214918
0.352302
0.549703
0.601811
0.355121
0.461537
0.398559
0.607374
0.224878
0.339019
0.558185
0.594917
0.425594
0.531325
0.438161
0.70373
0.64295
0.859427
0.604786
0.859916
0.201176
0.840806
0.510314
0.619
0.642608
0.792397
0.887309
0.532154
0.444068
0.491785
0.689175
0.451877
0.737326
0.754824
0.905077
0.476002
0.4593
1.00197
0.54161
0.266976
0.437406
0.399484
0.576488
0.410181
0.62548
0.563436
0.686327
0.63118
0.97066
0.690096
0.756381
0.609579
0.767874
0.390709
1.15086
0.632446
0.576799
0.817634
0.833934
0.686062
0.565211
0.915245
0.869979
0.499662
1.35204
0.932042
1.0273
1.34934
1.34117
0.837609
0.859379
1.20022
0.955729
0.581284
0.966539
0.827404
0.709925
0.309542
0.474356
0.633471
0.661193
0.800206
0.666847
0.971311
0.215985
0.702968
0.968773
0.848197
0.933903
1.19754
1.09685
1.09839
0.892461
1.24499
0.990621
0.572178
0.926171
0.212765
0.362452
0.540213
0.471334
0.710263
0.632362
0.725862
0.271873
0.550717
0.452979
0.788923
0.727183
0.593903
0.582777
0.434165
0.383716
1.08762
0.417281
0.741756
0.761544
0.870792
0.558314
0.810195
0.92462
0.500661
0.489305
0.614928
0.782783
0.516958
0.311348
0.565409
0.440505
0.974788
0.26245
0.340463
0.71666
0.635831
0.512716
0.817631
0.530617
0.813074
0.431371
0.581536
0.395854
0.326386
0.606757
0.949567
0.317801
0.506863
0.693982
0.62405
0.65774
0.629424
0.753258
0.789078
0.730242
0.620455
0.776133
0.553949
0.662478
0.839619
0.523553
0.778084
0.925717
0.533887
0.799435
0.799875
0.778544
0.560493
0.707525
0.830161
0.482441
0.713399
0.662743
0.647208
1.09831
0.984834
1.38327
1.25139
0.719097
0.862768
0.984685
0.233801
0.55899
0.995076
1.28532
1.18673
0.937836
0.438989
0.612932
0.424647
0.505829
0.683152
1.18708
0.890523
0.493812
0.938411
0.38835
0.593921
0.351492
0.758562
0.456814
0.547434
0.63469
0.253272
0.419807
0.461166
0.995302
0.591312
0.563118
0.469745
0.835117
0.750417
0.826683
0.439007
0.669589
0.819864
0.571852
0.583139
0.373239
0.496824
0.285223
0.67884
0.541698
0.633271
0.357804
0.832931
0.748222
0.571824
0.632412
0.559756
0.830074
1.19045
0.788339
0.994036
0.727018
0.559129
0.561894
0.428229
0.134785
0.7357
0.780794
0.996307
0.398907
0.45038
0.566679
0.889857
0.382159
0.470672
0.915126
1.14601
0.743576
0.499959
0.557841
0.446089
0.528678
0.534562
0.581069
0.378822
0.595737
0.530662
0.845519
0.538917
0.938574
0.851233
0.4991
0.82112
0.778098
0.478402
0.756635
0.77262
1.08831
0.971637
0.792178
0.275502
0.696956
0.814362
1.2598
0.325659
0.200606
0.635265
0.375166
1.03286
1.08289
0.411315
0.820817
0.439806
0.870462
0.432053
0.750657
0.731476
0.410212
0.308196
0.658969
0.752594
0.645152
0.454531
0.577692
0.565887
0.885728
0.940639
0.882419
0.794499
0.915131
0.646477
0.482062
0.768786
0.645453
0.752991
0.546933
0.478031
0.231786
0.431086
0.503242
0.54095
0.681424
0.377393
0.395438
0.81471
0.450056
0.815674
0.884112
0.744804
0.68426
0.615293
0.978915
0.871522
0.53762
0.321019
0.397104
0.400372
0.605536
0.701331
0.484449
0.582948
0.810463
0.434416
0.367988
0.400832
0.46579
0.650998
0.658614
0.740613
0.986064
0.548242
0.829525
0.181146
0.43671
0.402838
0.17354
0.501125
0.405111
0.534144
0.674025
0.797913
0.663102
0.555068
0.484219
0.412431
0.631528
0.752303
0.548341
0.535894
0.290725
0.266679
0.661478
0.272699
0.430317
0.776107
0.794274
0.746505
0.987115
0.33069
0.65911
0.39883
0.469904
0.402647
0.964637
0.68269
0.62632
0.385951
0.35086
0.441706
0.492348
0.96122
0.713079
0.645727
0.724805
0.394807
0.737039
0.51085
0.543054
0.329094
0.938878
0.675507
0.649431
1.20492
0.617877
0.601172
0.796773
0.8319
1.02576
0.430341
0.548361
0.398015
0.988153
0.451814
0.990034
0.441385
0.595281
0.587297
0.64269
0.585269
0.543069
0.39654
0.444262
0.54625
0.655956
0.480819
0.797497
0.810872
0.721823
0.561167
0.505331
0.582875
1.04894
0.836403
0.476132
0.788624
0.840693
1.10376
0.717549
0.70487
0.479783
0.228433
0.507421
0.282485
0.631136
0.88303
0.719993
0.672872
0.777464
0.587039
0.602781
0.83052
0.76738
0.560564
0.362069
0.721963
0.739287
0.481071
0.8815
0.900614
0.66638
0.756551
0.740768
1.04172
0.58437
0.403606
0.318597
0.690372
0.243262
0.299874
0.480289
0.228916
0.419643
0.241264
0.655737
0.234617
0.802119
0.671415
0.395217
0.870211
0.600956
0.633026
0.88456
0.855347
0.64186
0.696071
0.490298
0.375665
0.613432
0.511207
0.471688
0.266647
0.386096
0.685464
0.707652
0.271432
0.797481
0.5705
1.01976
0.827643
0.46582
0.696772
0.960032
0.254895
0.276286
0.523183
0.750256
0.535682
0.848508
0.53545
0.571917
0.920484
0.287902
0.641837
0.51461
0.477827
0.68213
0.676167
0.564279
0.659597
0.65982
0.728502
0.766456
0.676031
0.555061
0.371128
0.503713
0.66358
0.15372
0.488257
0.543145
0.747838
0.864165
0.365485
0.329824
0.888328
0.756182
0.216741
0.523775
0.642852
0.437522
0.674531
0.547929
0.502206
0.455567
0.372508
0.391202
0.613191
0.216032
0.642225
0.555082
0.395169
0.646264
0.78546
0.744695
0.436753
0.549584
0.670342
0.201032
0.492294
0.701673
1.02095
0.389889
0.659729
0.668478
0.407842
0.53178
0.562939
0.498338
0.634557
0.544539
1.04721
0.859244
1.06375
1.04202
0.4254
0.571439
0.638183
0.875246
0.372628
0.458198
0.461909
0.480667
0.548897
0.407826
0.294612
0.547239
0.408568
0.635815
0.499663
1.10967
0.501412
0.731867
0.385486
0.432507
0.48048
1.0781
0.521853
1.08395
1.0892
1.1932
0.87921
0.950005
0.673402
0.857462
0.499574
0.471868
0.812999
0.467054
0.45037
0.517849
0.352199
0.610716
0.340497
0.660979
0.469978
0.546037
0.512605
0.951535
0.446357
0.426734
0.910658
0.660182
0.733483
0.692623
0.831902
0.416997
0.420078
0.767224
0.291657
1.03415
0.386675
0.483395
0.646171
0.467686
0.480835
0.974778
0.950247
0.950152
0.439586
0.777442
0.719656
0.761665
0.597164
0.569327
0.566263
0.579326
0.705807
0.692731
0.300244
0.449231
0.561204
0.399838
1.06501
0.677792
0.270503
0.749221
0.375634
0.441858
0.350736
0.11707
0.577368
0.576676
0.544885
0.681799
0.818074
0.992622
1.10524
0.955623
0.597182
0.601234
0.762231
0.599043
0.759405
0.410583
0.529963
0.20254
0.331102
0.675928
0.705031
0.96462
1.02208
0.749765
0.708035
0.78494
0.743188
0.448751
0.82619
0.647405
0.54805
0.277474
0.544604
0.646471
0.884508
0.762325
0.639818
0.774709
0.636104
0.86284
0.590673
0.357963
0.317534
0.843626
0.400803
0.686695
0.325428
0.318723
0.970841
0.908085
0.881317
0.482743
0.232845
0.514998
0.523371
0.44878
0.703336
0.472426
0.847907
0.285685
0.389961
0.328559
0.45726
0.602098
0.195174
0.37054
0.369888
0.361881
0.508905
0.534773
0.405464
0.72343
0.808708
0.971548
1.20392
0.696859
0.86026
0.830191
0.567908
0.278204
0.880051
0.88216
0.453526
0.472968
0.634986
0.935372
0.306575
0.440583
0.738664
0.633614
0.876447
0.928566
0.445577
0.557068
0.808481
0.767617
0.918399
1.12308
0.846943
0.425918
0.450315
0.800025
0.703355
0.474742
0.510188
0.742129
0.748799
0.480151
0.446151
0.151707
0.417025
1.10703
0.594692
0.280218
0.45169
0.864757
0.37464
0.455062
0.559152
0.322761
0.288608
0.60118
0.508459
0.766651
1.03746
0.42198
0.712106
0.756888
0.543741
0.299289
0.239266
0.925049
0.902374
0.992544
0.593764
0.388988
0.420076
0.46345
0.664148
0.818559
0.675566
0.354524
0.61687
0.907723
1.11262
0.898451
0.540269
0.59951
0.643733
0.395636
0.761242
0.44515
0.608036
1.1226
0.40749
0.635933
0.428917
0.399867
0.650163
0.721024
0.623056
1.18116
0.637967
0.317134
0.622538
0.389764
0.428517
0.767219
0.58953
0.389144
0.45417
0.741867
0.685438
0.402902
0.86719
0.615118
0.490359
0.634958
0.872933
1.22852
0.510232
0.816483
0.653305
0.693632
0.689802
0.132845
0.142879
0.486484
0.578206
0.631706
0.495789
0.197514
0.235054
0.320376
0.36095
0.614459
0.500519
0.56419
0.984222
0.590285
0.385445
0.393741
0.525806
0.461835
0.38812
0.420111
0.614751
0.331541
0.760508
0.80332
0.658243
0.744469
1.02154
0.784792
0.605107
0.444418
0.366697
0.458393
0.600556
0.51415
0.584955
0.805102
0.497012
0.520521
0.790254
0.367912
0.263853
0.581667
0.383693
0.791432
0.659581
0.354612
0.276249
0.389879
0.451951
0.719013
0.591847
0.493032
1.02847
0.478631
0.468038
0.614251
0.660376
0.213093
0.494421
0.336082
0.520391
0.741652
0.51668
0.405348
0.791165
0.781861
0.847248
0.572941
0.277134
0.170582
0.515649
0.500415
0.787022
0.204335
0.582186
0.216695
0.163774
0.507342
0.733929
0.93193
0.400393
0.291081
0.776323
1.16847
0.840499
1.11259
0.570307
0.416052
0.570357
0.786062
0.733104
0.837026
0.598601
0.301235
0.732213
0.627287
0.700858
0.419422
0.565137
0.755162
0.417304
0.45827
0.265064
0.629602
0.367426
0.45897
0.732519
0.884408
0.431944
0.669368
0.49184
0.50231
0.510092
0.919518
0.736323
0.416606
1.10232
1.03677
0.70681
0.750746
0.745519
0.820394
0.596647
0.15905
0.434984
0.455328
0.575449
0.732367
0.718355
0.456247
0.522657
0.249922
0.798707
1.0715
0.802645
0.601702
0.74542
0.584671
0.914455
0.71794
0.415167
0.531435
0.67067
0.784338
0.821333
0.454824
0.16226
0.731446
0.639431
0.692295
0.380519
0.733887
0.690582
0.722798
0.861817
0.707118
0.585875
0.2624
0.506169
0.655941
0.550777
0.35028
0.513126
0.412624
0.642818
0.360959
0.674877
1.01491
0.528443
0.709239
0.323459
0.592097
0.537256
0.525857
0.703135
0.596076
0.267923
0.709701
0.537613
0.570156
0.726706
0.528321
0.433834
0.494205
0.236039
0.205775
0.49388
0.554071
0.288707
0.557538
0.45254
0.397665
0.32386
0.500645
0.425632
0.711597
0.886127
0.80744
0.599007
0.193272
0.43862
0.842198
0.797255
0.753903
0.258609
0.710574
0.502618
0.617195
0.344445
0.584376
0.288813
0.68166
0.221576
0.580137
0.445821
0.835546
0.963348
0.327717
0.789807
1.1213
0.707166
0.275105
0.527565
0.601506
0.195363
0.527051
0.685673
0.387682
0.472759
0.904675
0.294883
0.896709
0.535141
0.535252
0.472401
0.384745
0.291129
0.484764
0.93211
0.659396
0.763221
0.142838
0.914718
0.425389
0.790349
0.717077
0.594555
0.540265
0.606469
0.63224
0.576538
0.169891
0.263367
0.406806
0.449818
0.423358
0.264055
0.7209
0.204029
0.465618
0.699855
0.928523
0.474322
0.287483
0.587371
0.736403
0.563259
0.712059
0.528813
0.952437
0.498047
0.938105
0.533029
0.656428
0.37852
0.361422
0.647148
0.695391
0.67423
0.796479
0.871962
0.605557
0.3657
0.712076
0.163328
0.710445
0.753036
0.633983
0.633524
0.858791
0.640112
0.409504
0.352545
0.521449
0.952615
0.585286
0.960793
0.95454
0.866846
0.665427
0.843584
0.442323
0.54989
0.457781
0.77367
0.734561
0.56182
0.156129
0.42253
0.822429
0.550785
0.590639
0.424083
0.688653
0.697696
0.79808
0.806726
0.451658
0.42382
0.545527
0.484505
0.924186
0.340415
0.601192
0.739582
0.775264
0.7186
0.498865
0.52269
0.682599
0.857892
1.04325
0.802431
0.643304
0.673457
0.692743
0.357768
0.449444
0.889905
0.804145
0.865097
0.351724
0.62198
0.491649
0.664394
0.238616
0.482653
0.293368
0.228691
0.499075
0.49905
0.910956
0.484011
0.400377
0.458617
0.588298
0.242139
0.724144
0.603479
0.284997
0.572259
0.311141
0.264057
0.477337
0.63153
0.752883
1.04054
0.503792
1.04348
0.591775
0.585612
0.77212
0.831609
0.440102
1.06346
0.945927
0.429352
0.660634
0.484537
0.41239
0.875583
0.364664
0.47319
0.351739
0.776384
0.766795
0.874566
0.49734
0.447371
0.696167
0.614365
0.67824
0.447266
0.117474
0.232298
0.308825
0.620556
0.54653
0.852576
0.185931
0.777025
0.458153
0.820061
0.75563
0.504418
0.539818
1.1437
0.87585
0.5759
1.20101
0.363266
0.665913
0.798985
1.20922
0.874984
0.612015
0.884095
0.831541
0.171184
0.382319
0.571633
0.543713
0.617801
0.485434
0.419139
0.669268
0.392771
0.619738
0.609941
0.483828
0.656705
0.214717
0.474106
0.704575
0.83368
0.897498
0.746069
1.15692
1.00282
0.645079
0.411927
0.758831
0.759462
0.774277
0.534714
0.616693
0.383141
0.295236
0.619608
0.299593
0.883036
1.07782
0.272689
0.461174
0.398097
0.552594
1.11513
1.07607
0.437124
1.02854
0.564637
0.879452
0.99924
0.740266
1.00309
1.2626
1.16994
1.42869
0.851016
0.854368
0.338754
0.409418
0.641509
0.754077
0.528551
0.641654
0.651731
0.886373
0.831281
0.744511
0.529124
0.372806
0.700068
0.912744
0.642486
0.615793
0.407453
0.551274
0.41693
0.620961
0.686909
0.710204
0.768752
0.533676
0.724469
0.857944
0.714202
0.971894
1.02215
0.320215
0.929255
0.400414
0.741088
0.301962
0.465876
0.45858
0.506881
0.687488
0.675134
0.68309
0.166548
0.470245
0.387079
0.465015
0.920674
0.799705
0.306315
0.456857
0.752615
0.654467
0.428623
0.957784
0.520507
0.547558
1.03848
1.10594
1.001
1.11677
0.466673
0.92604
0.43787
0.530364
0.665666
0.849927
0.853903
0.659506
0.603869
0.308424
0.442599
0.644337
0.528375
0.712729
0.706304
0.584284
0.631275
0.829666
0.763695
0.828315
0.803622
0.385232
0.632624
0.656472
0.151918
0.682899
0.198548
0.575606
0.972859
0.389708
0.418721
0.31286
0.409681
0.456141
0.17331
0.30214
0.583025
0.588018
0.73629
0.460892
0.476548
0.638352
0.5909
0.597591
0.140963
0.474776
0.360049
0.311991
0.337942
0.505869
0.459272
0.453497
0.430201
0.155147
0.480439
0.976659
0.453672
0.40267
0.641338
0.678275
0.46817
0.759639
0.329393
0.354317
0.207769
0.673346
0.752658
0.445751
0.729024
0.370014
0.444457
0.410419
0.920416
0.390538
0.43754
0.302699
0.362599
0.425814
0.648685
0.525068
0.492684
1.01665
0.376694
0.696904
0.535274
0.858613
0.361342
0.664354
0.487489
0.544104
0.533664
0.598022
0.70394
0.415122
1.22478
0.321449
0.480864
0.748057
0.846748
0.750259
0.477228
0.971328
0.420352
0.289686
0.889703
0.654843
0.573567
0.514138
0.878075
0.414064
0.208769
0.621225
0.544779
0.592416
0.616657
0.383773
1.08434
0.277541
0.372015
0.578731
0.773474
0.541307
0.442232
0.819557
0.26194
0.467198
0.173689
0.152022
0.353044
0.244876
0.311587
0.874321
0.488884
0.506581
0.731044
0.430467
0.468813
0.403845
0.623445
0.474406
1.0547
1.04817
1.04062
0.596329
0.531562
0.425306
0.485364
0.922018
0.861698
0.34865
0.80039
0.508052
0.477369
0.56966
0.839434
0.390077
0.330687
0.828009
0.329345
0.458703
0.283536
0.351903
0.452285
0.362149
0.538507
0.641468
0.612261
0.472694
0.743137
0.630396
0.830168
0.914095
0.442807
0.617498
0.779896
0.672147
0.590153
0.692477
0.36796
1.00995
0.52414
0.577307
0.422174
0.625406
0.735965
0.752855
0.490464
0.94805
0.937516
0.378963
0.552738
1.08671
0.407711
0.851174
0.570057
0.67561
0.552378
0.524829
0.858993
0.804163
0.823318
0.889613
0.404754
0.346653
0.685102
0.366722
0.406026
0.473334
0.730844
0.560051
0.471936
0.692373
1.13781
0.852047
0.313217
0.428885
0.622478
0.670825
0.773749
0.53366
0.758462
0.481753
0.499411
0.38166
0.444079
0.790505
0.392901
0.571259
0.364771
0.598146
0.34226
0.993774
0.788004
0.707366
0.370159
0.852456
0.770317
0.878698
0.524926
0.112465
0.645442
0.36274
0.377612
0.417055
0.927322
0.617364
0.357604
0.50195
0.515417
0.451184
0.393271
0.641368
0.395818
0.457334
0.424927
0.526143
0.596583
0.736005
0.220552
0.437786
0.765186
0.256559
0.531967
0.548303
1.03698
0.627947
0.409717
0.320336
0.82503
0.69015
1.03937
0.914096
0.573091
0.31624
0.616946
0.533822
0.70519
0.601007
0.171897
0.437582
0.791845
0.378984
0.303116
0.521657
0.321492
0.44954
0.358149
0.388558
0.30808
0.423485
0.610502
0.599547
0.182555
0.350008
0.32919
0.556076
0.830159
0.437314
0.462689
0.18976
0.569597
0.478986
0.209193
0.415612
0.891101
0.958061
0.627529
0.587978
0.845897
1.1125
0.566354
0.64516
0.619687
0.370431
0.511838
0.471963
0.784919
0.210638
0.647978
0.473292
0.443659
0.676319
0.895201
0.289239
0.582558
0.712449
0.609514
0.675627
0.298627
0.315017
0.657405
0.703829
0.87514
0.337122
0.348367
0.421455
0.283443
0.248284
0.486095
0.410957
0.722939
0.507754
0.752569
0.55243
0.470256
0.474128
0.64438
0.411611
0.774316
1.04726
0.817321
0.546012
0.650513
0.41863
0.5978
0.901879
0.269624
0.290492
0.694323
0.54742
0.89503
0.720886
0.635539
0.649888
0.221033
0.527529
0.287348
0.32192
0.318837
0.820348
0.690745
0.537605
0.556271
0.464155
0.94544
0.623639
0.296066
0.360973
0.412086
0.507983
0.312396
0.791218
0.546045
0.336075
0.451029
0.332961
0.911415
0.536756
1.07911
0.55758
0.261975
0.498746
0.43101
0.945386
0.592742
0.932045
0.337178
1.16895
0.580847
0.794158
0.410304
0.724363
0.508873
0.704077
0.938513
0.492839
0.54444
0.609293
0.623642
0.702028
1.1445
0.891673
0.769715
0.303682
0.199309
0.185745
0.710215
0.753301
0.620953
0.369329
0.348985
0.625551
0.765627
0.608768
0.564119
1.01232
0.645447
0.509862
0.944028
0.775809
1.05098
0.380623
0.269776
1.08597
0.664385
0.389313
0.61589
0.640872
0.918539
0.935547
0.888218
1.095
0.933323
0.270408
0.533044
0.784873
0.72297
0.693816
0.712435
0.686679
0.594891
0.672246
0.246743
0.950238
0.622461
0.59388
0.534483
0.492344
0.530314
0.463913
0.446351
0.593902
0.556717
0.505387
0.531644
0.542075
0.394292
0.711975
1.06755
0.722042
0.53028
0.616091
0.864247
0.321116
0.103
0.592196
0.65996
0.331316
0.515124
0.920601
0.668656
0.77767
0.733339
0.863894
0.126432
0.365562
0.402858
0.572473
0.546548
0.393867
0.4378
0.568079
0.437684
0.648469
0.450452
0.45605
0.43895
0.360124
0.345333
0.901574
0.751039
0.481958
0.905879
0.535105
0.814764
0.696693
0.744716
0.706458
0.415934
0.993585
0.813693
0.565287
0.878559
0.469003
0.14962
0.372182
0.57882
0.781258
0.251349
0.606913
0.252505
0.527472
0.414327
0.660276
0.932212
0.271775
0.539127
0.807718
0.522609
0.866744
0.522738
0.547197
0.418778
0.877077
1.18863
0.852157
0.803802
0.466521
0.89284
0.932765
0.980071
0.868917
1.09687
0.27757
0.737965
0.572866
1.06738
0.952957
0.798318
0.764564
0.427571
0.336309
1.03431
0.360113
0.803147
1.13644
0.854576
1.18221
0.491078
0.6384
0.486171
0.983459
0.725123
0.162528
0.581443
0.550704
0.792513
0.85226
0.73925
0.427758
0.572547
0.688299
0.720971
0.390627
0.833443
0.755749
0.466442
0.638249
0.729157
0.3284
0.516026
0.606054
0.675845
0.278808
0.376561
0.619219
0.416398
0.720618
0.554762
1.06273
0.601411
0.492295
0.469301
0.258389
0.713941
0.519262
0.618665
0.637909
0.451611
0.811447
0.468452
0.459048
0.817101
0.346791
0.578999
0.738595
0.251971
0.440972
0.795654
0.774331
0.591563
1.15298
0.600134
0.555436
0.389435
0.346868
0.543985
0.697858
0.400656
0.32592
0.681693
0.818017
0.626113
0.922877
0.637457
0.679306
0.386495
0.169408
0.591933
0.559794
0.278321
0.594573
0.579215
0.184059
0.58804
0.520006
0.208643
0.330657
0.809484
0.600883
0.30706
0.567702
0.377006
0.719111
0.651556
0.630078
0.430322
0.378026
0.641292
0.60055
0.309947
0.659366
0.551314
0.390883
0.80153
0.609027
0.458947
0.659924
0.500896
1.02205
1.03716
1.18038
0.667601
0.581297
0.566674
0.64888
0.85055
1.02764
1.03369
1.10241
1.05728
0.915486
0.630352
0.567035
0.887098
0.801612
1.25222
0.865342
0.815659
0.594786
0.529782
0.531308
0.838091
0.674953
0.260342
0.128714
0.474785
0.171241
0.772306
0.453738
0.621889
0.71004
0.671067
0.442549
0.447151
0.33249
0.445251
0.229913
0.417876
0.444853
0.484545
0.50778
0.648807
0.695958
0.362684
0.597436
0.642695
0.875745
0.642339
0.786443
0.438987
0.618053
0.95551
0.758793
0.595437
0.584135
0.894702
0.400658
0.344115
0.512554
0.549619
0.559701
0.571372
0.486706
0.527411
0.593817
0.435949
0.763683
0.776837
1.13506
0.946193
0.628729
0.621811
0.515144
0.499971
0.776789
0.404958
0.614403
0.933445
0.714254
1.02002
0.38657
0.55566
1.01523
0.710764
0.62908
0.297432
0.562258
0.664061
0.215402
0.782796
0.852087
0.937659
0.78925
0.941723
0.757283
0.6751
0.775357
0.867136
0.332008
0.644151
0.128758
0.526224
0.594671
0.605874
0.368856
0.904065
0.930198
0.945299
0.362097
0.970047
0.680237
0.656957
0.51814
0.83391
0.282214
0.825925
0.77863
0.986809
0.775648
0.519818
0.725879
0.322388
0.356692
1.04435
0.658084
0.952704
0.493422
0.683921
0.235127
0.581404
0.736401
0.747854
0.966583
0.364775
0.367734
0.330972
0.627106
0.325731
0.607352
0.535095
0.710213
0.880388
0.48695
0.611652
0.338101
0.545597
0.414199
0.382314
0.584741
0.747751
0.705144
0.415707
0.726304
0.518645
0.716224
0.882992
0.361724
0.550827
0.842932
0.277604
0.523841
0.373883
0.525869
0.616946
0.269083
0.254782
0.428113
0.86042
0.5331
0.578431
0.351381
0.211515
0.684224
0.495827
0.623397
0.544003
0.893578
0.65747
0.652032
0.840354
0.819155
0.847046
0.466598
0.580073
0.426654
0.331105
0.208196
0.275283
1.15888
0.797112
0.387298
0.392619
0.483806
0.629082
0.21048
0.542174
1.00654
0.450807
0.483761
0.316804
0.26957
0.592994
0.725643
0.584717
1.02342
0.782291
0.797766
0.686182
0.929959
1.15159
0.707072
0.602068
0.424997
0.504089
0.62411
0.736207
0.674877
0.527845
0.778267
0.582178
0.835613
0.25784
0.550323
0.480179
0.332592
0.666063
0.371909
0.393198
0.604887
0.758837
0.53945
0.509593
0.251834
0.580213
0.783744
0.836384
0.595793
0.999062
0.648169
0.279327
0.671855
0.546863
0.415447
0.423445
0.427513
0.473496
0.569352
0.322737
0.406179
0.908359
0.443467
0.315635
0.693125
0.791474
0.701952
0.363706
0.879069
0.727514
0.960818
0.578386
0.479671
0.645163
0.916111
0.50035
0.559963
1.12358
0.923764
0.602414
0.522731
0.346836
0.615633
0.700535
0.778836
0.530996
0.652326
0.53298
0.39064
0.309154
0.438452
0.420715
0.648963
0.434718
0.364881
0.587568
0.611542
0.490562
0.265363
1.08351
1.20482
0.434102
0.339356
0.472473
0.733654
0.576537
0.397603
0.466856
0.523662
0.536105
0.629587
0.342851
0.416515
0.691727
0.878166
0.807854
0.483675
0.841561
0.599827
0.800048
0.648297
0.388766
0.764364
0.473578
0.350236
0.377301
0.296679
0.330111
0.763978
0.459685
0.492532
0.743027
0.391471
0.521902
0.419664
0.599417
0.571935
0.808234
0.540254
0.431317
0.925528
0.434392
0.826704
0.454735
0.641504
0.258932
0.496468
0.509177
0.507501
1.00028
0.348496
1.04548
1.40298
0.571148
0.667526
0.677462
0.959556
0.591829
0.879257
1.0168
0.406934
0.819848
0.77472
0.684322
0.624232
0.654286
0.924253
0.801151
0.853038
0.325048
0.372556
0.428852
0.562281
0.425378
0.612336
0.426431
0.438724
0.613153
0.558203
0.36831
0.435772
0.730029
0.564248
0.53458
0.419184
0.619661
0.423339
0.668652
0.190878
0.747958
0.673314
0.717683
0.292005
0.502974
0.619893
0.222674
0.618805
0.741599
0.371916
0.666541
1.09135
0.581284
0.546307
0.728697
0.684541
0.523507
0.272009
0.391284
0.703351
0.633397
0.22951
0.463291
0.829494
0.720051
0.684147
0.820142
0.495175
0.664344
0.965299
1.00224
1.11242
1.18046
1.09258
0.570004
0.488181
0.513934
1.06907
0.446402
0.30703
0.25936
0.520752
0.617256
1.00095
0.30156
0.602424
0.918838
0.556225
0.399967
0.323057
0.516614
0.364581
0.423396
0.349972
0.377039
0.351115
0.557948
1.1256
0.680839
0.48175
0.584775
0.606921
0.791176
0.666057
1.15773
0.589467
0.867026
0.322148
0.935661
0.733624
0.886789
0.278275
0.504362
0.587453
0.479505
0.567045
0.563475
0.650295
0.186862
0.551391
0.648806
0.664972
0.489141
0.290359
0.775398
0.8372
0.869986
0.664265
0.950595
0.933024
0.661637
1.15049
0.481057
1.52355
0.448399
0.582398
0.958805
0.839663
0.971981
0.767027
0.897938
0.714295
0.413035
0.388905
0.673574
0.235764
0.491881
0.382324
0.55542
0.97084
0.785285
0.822189
0.679121
0.702267
0.336521
1.19891
1.02295
0.842
0.813442
0.743605
0.947295
0.77751
1.0713
0.853259
0.758841
0.441976
0.574515
0.594998
0.443005
0.53849
0.513042
0.827048
0.811922
0.840189
0.331612
0.454361
0.741139
0.596802
0.17123
1.0283
0.813102
0.829614
0.773521
0.795327
0.469317
0.718154
0.282602
0.396078
0.654371
0.873226
0.724442
0.89119
0.650421
0.25764
0.370589
0.712557
0.368753
0.652739
0.785796
1.05711
0.899223
1.01938
1.03582
1.09955
0.540262
0.355358
0.533663
0.76611
1.01667
0.811734
0.657187
0.789448
0.465834
0.585176
0.116148
1.08429
0.375681
0.415554
0.784014
0.605443
0.959028
0.8772
0.51651
0.835203
0.560411
0.431217
0.549569
0.776906
0.387842
0.552026
1.16363
0.697381
0.944032
0.805793
0.474751
0.392206
0.490765
0.664524
0.369734
0.320381
0.632238
0.121652
0.2504
0.962309
0.509803
0.316496
0.40093
0.483412
0.492233
0.105821
0.297847
0.264408
0.0724813
0.356691
0.330287
0.847845
1.19831
0.924455
0.576994
0.716028
0.747719
0.419312
0.442275
0.523818
0.739313
0.614131
0.272759
0.441461
0.459522
0.337623
0.711889
0.429054
0.524887
0.782655
0.287471
0.437831
0.750055
0.303808
0.60608
0.529605
0.873287
0.529205
0.571358
0.478215
0.400623
0.834388
0.550889
0.746494
0.24176
0.544456
0.945715
0.507485
0.650695
0.772544
0.650482
0.486991
0.604868
0.296846
0.642861
0.807889
0.4532
0.597793
1.16872
0.785621
0.532597
0.506626
0.579083
0.812206
0.916302
0.453052
0.600537
0.644233
0.702554
0.293243
0.632589
0.575407
0.361036
0.852535
0.761301
0.879918
0.71836
0.889259
0.996179
1.18538
1.07528
0.612354
1.03985
1.21694
0.880696
0.810623
0.695551
0.253392
0.601331
0.807856
0.750268
0.435482
0.619155
0.487573
0.906229
0.631305
0.514548
0.475974
0.182892
0.351516
0.29825
0.946976
0.565687
0.780094
1.08042
1.04341
0.463793
0.748861
1.07477
0.967428
0.70535
0.397274
0.38401
0.319049
0.392593
0.364759
0.609462
0.636645
0.825051
0.549943
0.297981
0.972333
0.553854
0.555078
0.676063
0.740997
1.03674
0.713098
0.619187
1.04888
0.479708
0.586829
0.530867
0.521477
0.342114
0.700394
0.572274
0.826675
0.378911
0.569001
0.932249
1.08106
0.662414
0.950374
0.426739
0.683498
0.894921
1.28368
0.695222
0.748824
0.572915
0.242057
0.634686
0.561721
0.659749
0.647924
0.485563
0.359434
0.555781
0.60313
0.44827
0.497465
0.719036
0.833261
0.709311
0.627004
0.481605
0.608027
0.681225
0.832129
0.260354
0.291522
0.487531
0.788526
0.539846
0.640913
0.539841
0.592086
0.607042
0.276426
0.307971
0.420342
0.43861
0.255953
0.310997
0.38881
0.193258
0.62048
0.562334
0.621436
0.497469
0.576162
0.67227
1.24323
0.60523
0.644027
0.872365
0.713952
0.889308
0.691241
0.839445
0.503914
0.477091
0.382444
0.209586
0.81984
0.441874
0.580146
0.459521
0.654115
0.567712
1.52269
0.391334
1.07583
0.967333
0.753449
0.62812
0.6628
0.585406
0.404036
0.975759
0.417817
0.517839
0.418224
0.314686
0.439397
0.549805
0.913041
0.348909
0.709844
0.389189
0.410188
1.03905
0.687078
0.823044
0.607676
0.345488
0.306263
0.676614
0.537428
0.624546
0.868198
0.539214
0.250717
0.293447
0.646856
0.376524
0.728037
0.886397
0.787434
0.411944
0.299532
0.306946
0.256652
0.512529
0.615119
0.723688
0.567016
0.575152
0.72807
0.729305
0.580526
0.801012
0.508003
0.318913
0.455336
0.652837
0.827981
0.615074
0.734614
0.398014
0.500382
0.391127
0.328298
0.329093
0.360149
0.230113
0.663181
0.475799
0.664677
0.700467
0.216474
0.531263
0.845113
0.315504
0.589196
0.946382
0.270587
0.327054
0.41153
0.404807
0.745346
0.858813
0.352139
0.588871
0.521201
0.579412
0.465816
0.353714
0.466763
0.5667
0.705987
0.952161
0.355353
0.847395
0.599394
0.853413
0.631721
0.732437
0.809516
0.656496
0.397598
0.3815
0.490357
0.325534
0.548522
0.540953
0.353688
0.59483
0.79377
0.669266
0.373153
0.318379
0.567581
1.08363
0.412781
0.438643
0.513469
0.479908
0.429188
0.573378
0.401429
0.981582
0.839644
0.952866
0.727287
0.495218
0.286607
0.517525
0.372465
0.419731
0.598415
0.402816
0.786596
0.707432
0.507517
0.996117
0.396726
0.63969
0.661592
0.820966
0.756362
0.609098
0.867977
0.648813
0.903293
0.928015
0.701171
0.991141
0.914298
0.609772
0.534069
0.614959
0.452082
0.430964
0.677149
0.644043
0.354976
0.772299
0.589461
0.557398
0.431974
0.46442
0.14758
0.241868
0.62678
0.428979
0.686155
0.34805
0.525042
0.672939
1.09176
0.882302
1.03969
0.798212
0.585082
0.558049
0.421817
0.837294
0.43836
0.977918
0.516269
0.72252
0.506106
0.46609
0.605227
0.576828
0.689716
0.865846
0.849552
0.531341
0.284063
0.602381
0.427875
0.343028
0.490218
0.558742
0.96182
0.717881
0.854997
0.198454
0.552247
0.39802
0.754929
1.13173
0.614223
0.582112
0.776647
0.611919
1.15029
0.405949
0.684875
0.735499
1.1237
0.653121
0.665483
0.509025
0.419568
0.679435
0.492687
0.459462
0.585425
0.559584
0.387852
0.747611
0.666827
0.517622
0.554529
0.579144
0.625279
1.29449
0.20315
0.535191
0.5979
0.35542
0.515284
0.842166
1.09098
1.26952
0.75767
0.555465
0.454407
0.409239
0.697641
1.07674
0.979014
0.618037
0.421738
0.426544
0.989246
0.684679
1.10441
0.671933
0.767015
0.276959
0.458503
0.690342
0.909306
0.424374
0.300913
0.225013
0.347397
0.593136
0.657408
0.72371
0.605792
0.726028
0.316275
0.308413
0.138095
0.181516
0.393863
0.226731
0.504496
0.446824
0.403164
0.587596
0.431245
0.602241
0.966183
0.461908
0.654748
0.612382
0.960619
0.403207
0.665697
0.779082
0.691556
0.392451
0.551393
0.779901
0.58474
0.76937
0.341992
0.424011
0.591405
0.658244
0.322991
0.398332
0.656912
0.464624
0.191993
0.370822
0.411432
0.724447
0.897809
0.606095
0.761395
1.16908
0.958426
0.249882
0.701414
0.717387
0.641941
0.737663
0.747117
0.626288
0.645176
1.44694
1.19811
0.664554
0.519409
0.645405
0.985619
0.473508
1.01775
0.704345
1.21219
0.329392
0.650104
0.702395
0.980849
0.773892
0.868773
1.2022
0.544932
0.684835
0.393567
0.52252
0.728396
0.616849
1.19324
0.582081
0.59108
0.775399
0.671071
0.579876
0.904542
0.412951
0.792336
0.560053
1.18921
1.02809
1.04276
1.52251
0.923103
0.648731
0.642248
0.444285
0.429626
0.909552
0.28619
0.871061
0.0910748
0.946812
0.465805
0.404487
0.718115
0.832023
0.476336
0.363098
0.526187
0.753222
0.555644
0.789058
1.08708
0.520003
0.305
0.922681
0.886669
0.408263
1.10505
1.13039
0.961031
1.01148
0.766959
0.843826
0.932445
1.07535
1.16241
0.308052
0.603319
0.82263
0.361179
0.533775
0.496889
0.418511
0.498781
0.423092
0.546209
0.493566
0.318447
0.207681
0.524328
0.462576
0.420702
0.901073
0.398972
0.513368
0.536651
0.30746
0.528373
0.491058
0.535348
0.304435
0.409837
0.436001
0.285183
0.278637
0.293155
0.291216
1.02166
0.870615
0.65365
0.287388
0.94983
0.300438
0.702808
0.698796
1.09828
0.462838
0.683658
1.02784
1.16309
1.1664
0.824024
0.509609
0.724429
1.10383
1.08267
0.440817
0.512165
0.34799
0.886529
0.796184
1.09899
0.591224
0.560528
1.01742
0.940488
0.31405
0.593177
0.684169
0.442823
1.07639
0.944848
1.00691
1.37766
0.840954
0.913509
0.545318
0.61041
0.456829
0.326716
0.586587
0.625281
0.541148
0.452623
0.853397
0.655022
0.491167
0.314638
0.590824
0.404866
0.817515
0.671939
0.91545
0.659565
0.48074
0.372142
0.727486
0.738179
0.445568
0.516658
0.677343
0.387151
0.45854
0.636854
0.503318
0.572667
0.838303
0.857195
0.903015
0.694919
0.322876
0.47804
0.548077
0.261602
0.388036
0.627683
0.409058
0.85224
1.06059
0.83242
0.946277
0.898151
1.08488
0.69993
0.829015
0.677535
0.176977
0.714106
0.196844
0.358997
0.363857
0.798667
0.287416
0.396594
0.251926
0.434823
0.541836
1.03564
0.538402
0.518925
0.691809
0.38157
0.60014
0.709085
0.23544
0.434879
0.876328
0.413176
0.408992
0.489887
0.580323
0.82975
0.559979
0.611415
0.44109
0.692683
0.403661
0.392118
0.757723
0.412759
0.364385
0.68736
0.507394
0.178171
0.203507
0.255095
0.377485
0.513207
0.436088
0.255426
0.852631
0.446294
0.563323
0.506228
0.567541
0.3282
0.699579
0.754549
0.704907
0.377966
0.411227
0.673625
0.445619
0.525232
0.487995
0.703404
0.531034
0.527259
0.880315
0.831874
0.846066
0.688012
0.392543
0.195842
0.707502
0.603806
0.69443
0.568812
0.555284
0.889004
0.928864
0.531319
0.830889
0.634198
1.10251
0.374526
0.599643
0.412352
0.371816
0.390849
0.671175
0.871403
0.406714
0.485708
0.828972
0.647572
0.424709
0.567934
0.365701
0.982291
1.12976
0.862382
0.753631
0.908495
0.582005
0.621108
0.620645
0.273781
0.556645
0.756937
0.591857
0.583073
0.656721
0.319247
0.355818
0.486601
0.625399
0.484853
0.36871
0.825067
0.622845
1.21631
0.680973
0.807409
0.47442
0.784475
0.307852
0.74985
0.60506
0.592439
0.467569
0.553913
0.741245
0.445529
0.778359
0.494557
0.363086
0.389087
0.45857
0.370728
0.328724
0.300654
0.753195
0.680065
0.723719
0.443188
0.491046
0.487039
0.624878
0.488566
0.637978
0.74887
0.285139
0.418969
0.275041
0.872939
0.430226
0.593728
0.741421
0.547525
0.29975
0.534522
0.261325
0.570587
0.632343
0.492888
0.415167
1.15364
0.803976
1.04123
0.357795
0.917134
0.791714
1.18487
1.03695
0.875716
0.638829
