1.29597
1.07587
0.584499
1.06003
1.24669
0.993227
1.26208
0.750352
0.717434
1.03413
0.566575
1.00969
1.13353
0.813472
0.967587
1.12059
1.06539
0.850225
0.683295
0.951282
0.718928
0.953853
0.693589
0.796464
0.84747
0.742404
0.600206
1.01005
0.954941
0.483112
1.2033
0.608948
0.698245
0.768267
0.69748
1.14769
1.21442
1.20799
0.91712
0.967201
1.06779
0.709539
0.935552
1.31515
1.30176
1.4185
0.617585
0.989992
1.12837
0.457809
0.665984
0.74389
0.643993
0.689957
0.980718
1.43737
0.909822
1.29151
1.06904
0.886562
0.943028
0.516805
0.794792
0.753079
0.860082
0.580926
1.07703
1.35226
1.32396
0.846614
0.675159
0.889284
0.974645
0.731442
1.02097
0.965344
0.862675
1.13533
0.966658
0.736433
0.85415
0.992271
0.731809
0.965347
0.71722
0.868859
1.01701
0.78624
0.82889
0.981523
1.07703
0.803633
1.26527
1.09136
0.985802
1.00868
0.590038
0.781898
0.720809
0.99097
0.841616
1.25748
1.18284
0.924799
0.854285
1.17771
0.930284
0.783102
0.973329
0.492679
0.739795
0.693547
0.82526
0.829851
1.031
0.966912
0.996447
0.868817
0.923418
0.780452
0.907129
1.05662
0.968024
1.11258
0.780203
0.827695
1.13991
0.820025
0.955048
0.627248
0.555688
0.22013
0.614119
0.739628
0.814415
0.993433
0.616323
0.794042
0.642422
0.549041
0.719688
0.630548
1.29593
0.976805
1.12865
0.750411
1.07995
1.13399
0.885257
0.997457
0.729739
1.08418
0.833422
0.846924
0.800817
1.05367
0.897058
0.810062
0.798312
1.17654
1.26073
1.13031
0.82567
0.94659
0.752552
0.821569
1.15526
1.24388
1.04033
1.07625
1.09385
0.897293
0.787153
1.03145
0.911596
0.812273
0.846415
0.684759
0.863462
0.625863
1.03984
1.07074
1.16899
1.0885
1.06827
0.877157
0.872978
1.25175
1.2359
0.991679
0.833245
0.779542
0.445381
0.790967
0.486115
1.20327
0.970074
1.1651
0.783783
0.992506
1.26628
0.994401
0.979137
0.924392
0.593374
0.998341
0.759055
0.892275
0.787566
0.928344
1.14297
1.01796
0.844702
0.594694
1.02099
0.714409
0.737438
0.860373
0.800937
0.887105
0.601761
0.895886
1.0556
0.984929
0.464232
0.551065
0.778562
0.792707
0.280574
0.7287
0.959599
1.23064
1.01577
1.06386
1.01816
0.650919
1.03472
0.616333
0.964191
0.709494
1.11475
1.03494
1.01633
0.73062
0.827195
0.97753
1.13349
1.09161
0.86936
1.03716
1.06823
1.1882
1.22299
0.898017
0.989991
0.997777
1.31397
1.11191
0.882022
1.13135
0.267249
0.754667
0.708791
0.643625
0.714783
0.590457
1.32382
1.33256
0.614045
0.455403
0.552848
0.932679
0.85699
0.712684
1.07306
0.704571
1.28131
0.890955
0.774994
0.578732
1.23277
0.863001
0.960452
0.927259
0.667465
0.929605
1.12549
0.793945
1.11279
0.925897
1.13303
0.841329
0.770462
1.15771
1.23689
0.793595
0.889537
0.778542
0.966012
1.11833
0.787479
1.00748
1.02468
1.11508
1.14769
0.992667
1.10887
1.19127
1.1246
1.23134
1.11876
0.994107
0.868707
1.144
0.89318
1.21098
0.674088
0.825389
0.983863
0.787175
0.961787
0.626685
0.856771
0.563958
0.954651
1.19266
0.945807
0.679626
1.1342
0.626278
1.10086
0.704561
1.14566
0.633451
1.01487
1.23551
1.15393
1.2067
1.1517
1.08798
1.03
1.08005
1.16257
0.959585
0.936508
0.604357
0.932694
1.20656
1.05736
0.948569
0.698375
1.13544
1.12395
0.92257
0.977343
0.949431
0.898265
0.893733
1.18002
0.601335
0.68121
0.868882
0.758115
0.873898
1.07324
1.19488
1.0364
1.00414
0.964032
1.30427
0.357051
0.578182
0.802166
0.800462
0.564022
0.396503
0.688748
1.11821
0.817682
0.482338
1.06365
0.723043
0.801648
0.870778
1.09822
1.05125
1.04352
1.25462
1.05064
0.65914
0.963187
0.883502
1.11629
1.02676
1.01756
0.949572
0.959775
1.24275
0.779963
0.911515
1.05916
1.15901
0.727045
0.917668
0.718106
1.20535
0.9801
0.921061
1.07158
1.19436
0.805062
0.891814
1.3776
1.12786
1.24866
0.933126
1.10003
0.875073
1.1946
0.705838
0.787682
0.860131
1.21537
0.98076
1.04681
1.36338
0.881873
1.11975
0.847364
0.674787
0.979439
1.06767
0.898817
0.85982
1.18827
0.632974
0.841319
0.824094
1.10077
0.843866
1.19921
0.795145
1.09486
0.78914
1.04074
1.20797
0.816207
0.962406
1.15861
1.29612
0.636966
0.854746
1.09712
0.724769
1.03985
0.871135
0.854373
1.21685
1.04294
0.409965
1.00705
0.99998
0.744747
0.896203
0.916425
1.17052
1.0182
0.97248
0.711994
0.57454
0.781691
1.09343
1.37515
0.911663
0.907595
1.15109
0.807958
1.05073
1.08996
1.06836
0.704074
1.04711
1.06575
0.795804
0.947065
0.888921
1.15585
1.05425
0.984857
0.767096
1.01388
0.889398
1.1288
0.912126
0.966348
1.31984
1.26886
0.95643
0.790997
0.516855
0.564536
1.2907
1.2936
0.981303
1.13025
0.889857
1.14051
1.20436
1.22711
0.624219
0.908841
1.00251
0.6144
1.10324
0.828243
0.69454
0.676281
0.819923
0.735196
0.865082
1.06534
1.16768
0.783211
1.01004
1.17871
0.726425
0.92524
1.03004
0.88469
1.01408
1.149
1.10402
1.11094
0.984362
1.0294
0.875749
0.798585
0.752104
0.9606
0.969384
1.07949
1.12487
0.873468
0.958168
1.10995
1.10399
0.895877
1.10171
0.997854
1.02731
1.00139
0.961809
1.00757
0.7066
0.575
0.597541
1.13067
0.970361
1.15465
0.866601
0.944116
1.12922
1.09169
1.13281
0.673289
0.968179
0.689256
1.06587
1.02883
0.855063
1.30456
1.25307
1.02163
1.31459
1.09354
0.825778
1.22426
1.06916
1.13113
1.06769
1.07767
0.93421
0.829389
0.887444
1.08747
0.865034
1.26964
1.23073
1.04272
0.909427
0.970862
0.88837
1.4321
1.42548
0.953771
0.771015
0.862633
0.923124
1.43688
0.995918
0.926682
1.22355
1.20956
1.3019
1.36398
0.878907
1.09665
1.0623
1.37142
1.05656
1.12352
0.64257
0.768647
0.935906
1.08929
1.07622
1.11204
0.957827
1.07027
1.0602
1.21177
1.0038
0.812506
0.946074
1.36641
0.945243
0.702523
1.11716
1.07503
1.09345
0.960562
1.07965
1.213
1.04485
1.07415
0.96827
1.12871
1.34353
1.14098
1.02218
1.06643
0.957822
1.2238
0.84174
1.05837
1.28212
1.18039
1.04854
1.08834
0.823113
0.777787
0.714399
0.540939
1.05163
1.30011
0.877627
1.08068
1.05937
1.04213
0.881077
0.874012
0.733211
0.783616
0.807818
0.869852
0.875136
0.733016
1.0146
0.979839
0.982443
0.665133
0.712929
0.951236
0.909424
0.61042
1.07518
0.908986
1.02816
0.903524
0.72072
0.92779
0.866952
0.989451
1.10109
0.879984
0.807935
0.858313
1.26996
1.05755
0.562661
0.987599
0.916929
0.93252
1.00811
0.735978
0.637775
0.778363
1.2013
0.924369
1.04054
0.998112
0.714547
0.505196
1.06666
1.04765
0.928204
0.894882
0.957899
0.919669
1.38992
0.78534
0.474253
0.490632
0.909327
0.750547
0.567438
0.594085
0.897605
0.856512
0.878517
1.06801
1.05101
0.496381
1.35638
1.3521
1.11049
1.15766
0.940393
1.33208
1.07283
0.745545
0.903286
0.620392
0.870901
0.825072
1.16345
1.09673
1.38109
0.853319
0.48305
0.639095
0.992252
0.705611
0.897556
0.72825
0.916143
1.25418
1.21462
1.31567
0.786102
0.715923
0.854775
0.614183
0.850892
0.816004
1.19962
0.951765
0.548117
0.630278
0.55897
0.920665
1.27694
0.88394
0.92525
1.1625
1.07036
0.885382
1.17716
1.021
0.831867
0.891153
0.789873
1.25729
0.684578
1.17162
0.912406
1.14648
1.19463
0.886861
0.896435
0.495836
0.6798
0.765626
0.871117
0.877377
1.08763
1.04686
0.982074
1.14862
0.629027
1.04617
1.24672
0.762094
1.13185
1.04104
0.816095
1.07838
0.871363
1.05202
1.27556
1.02763
1.02171
1.22281
0.853728
1.1296
0.941812
1.05751
1.24392
0.977616
0.946127
0.769683
0.746086
1.25206
1.10944
0.949182
1.06116
1.09545
1.0225
0.947491
0.905493
1.07147
0.943373
0.870059
1.1218
0.951077
1.10267
0.997744
0.621709
0.889831
0.768564
1.0837
0.836035
1.03449
0.88869
1.05675
0.83483
1.05912
1.04152
0.931825
0.801255
0.972013
0.898336
0.949634
0.761782
0.827725
1.40723
1.05296
0.921701
1.30637
0.626184
1.09131
1.18373
0.937997
1.03607
1.21504
0.558308
1.05522
1.19764
1.24205
1.20148
1.08454
0.977318
1.03381
0.955159
0.599623
0.958426
0.737497
1.25203
1.21823
1.12014
0.712202
0.608283
0.886435
1.07448
0.893402
1.28902
0.9146
0.808362
0.865846
0.906856
1.29977
1.10454
1.41243
0.990557
1.28851
1.48289
0.919212
0.649775
0.830296
1.15472
1.12168
1.17519
0.54486
0.618978
1.22929
1.19078
0.980889
1.02864
0.84205
1.04672
0.534414
0.61582
0.933578
0.903994
1.3058
1.22255
1.233
1.10599
1.25475
0.806077
1.09238
0.88978
0.937702
1.21384
1.08575
0.909644
0.855505
0.808314
1.11056
0.692375
0.691701
0.747513
0.964319
0.923518
1.18614
0.988017
1.1039
0.81025
0.622583
0.956278
0.582144
0.960248
0.859375
1.07416
1.13965
0.846901
0.815897
1.07718
0.763133
0.779441
0.713118
0.976524
1.13746
1.08349
0.709324
0.593501
1.09585
0.878949
1.12616
0.835976
1.03806
0.786056
1.2253
1.18423
1.14234
1.03889
1.06404
0.857831
0.953572
0.770358
0.917818
1.0904
0.73508
0.98517
0.970613
1.22896
0.894578
0.975568
0.670903
1.09942
0.783877
0.852186
0.794749
1.09494
0.658148
0.370594
1.02306
0.873973
1.06564
0.715647
1.10461
0.722211
1.06203
0.955189
0.803327
0.920646
1.01855
0.796385
1.15969
1.17802
1.06221
1.3079
1.27518
1.06605
1.21211
1.20254
0.962546
1.18867
0.932231
1.18632
0.860168
0.76406
1.16863
0.948242
0.829332
0.896519
1.05517
1.04811
0.969943
0.957505
1.07283
1.65408
1.16303
0.835744
0.811833
0.67272
0.932211
0.819571
1.02552
0.904221
0.963661
0.961488
1.02272
1.19314
1.06504
0.708196
0.996704
0.964865
0.9434
1.0444
0.973041
0.7597
0.781946
1.2243
0.678251
0.711152
1.05598
1.11557
0.95176
1.01038
0.88722
1.08291
0.963509
1.06586
0.763749
0.962218
0.917003
0.92558
1.08802
0.725177
1.09723
0.741651
0.84995
1.16282
0.986821
1.25919
1.41416
0.998445
1.00764
1.19696
0.689773
0.894103
1.36778
1.12586
0.764379
1.05388
0.881568
1.11281
0.803765
0.693094
0.998453
1.06455
1.03992
0.948501
1.16969
1.34321
0.927848
0.984894
1.41931
1.17454
0.780473
0.776331
0.801033
1.16723
1.03283
0.806888
1.02378
1.0052
1.06413
0.860019
0.513187
1.01946
1.11713
1.05389
0.773787
0.748362
1.26688
1.22801
0.99135
1.03279
0.911574
0.787101
0.829811
0.76807
0.962226
0.846356
0.726591
0.79417
0.906885
0.806253
1.00511
0.715145
0.792808
0.647685
0.765693
0.785033
0.805127
0.905748
0.816083
0.860357
0.712426
0.643846
0.906291
0.595526
0.81813
0.838918
0.827045
0.888857
1.0853
0.475022
0.637121
0.629208
0.905597
1.05298
0.925998
0.985418
1.15846
0.855149
0.826591
0.629454
0.802251
1.11999
0.944665
1.07919
1.14704
1.16962
1.15673
1.16218
0.875774
0.489859
1.27108
1.17852
0.578935
0.889409
0.95186
1.02586
0.785469
0.880513
0.937838
0.737541
0.932283
0.954696
1.23629
1.38083
0.989285
0.762275
1.19927
0.709634
0.953899
0.98689
0.958858
0.789335
1.18554
0.703808
0.923837
0.810595
0.985974
1.09335
1.06196
0.976336
1.22719
1.04953
1.22752
1.13361
1.13065
1.11114
0.688741
1.18178
1.28381
0.843295
1.37433
1.31353
1.12545
0.980484
1.05242
1.0195
0.903965
1.30866
1.22279
1.09008
1.0405
1.22724
1.04239
0.984837
1.3442
1.10264
1.02791
1.13649
1.17955
0.817708
0.776048
0.98472
0.968241
1.00206
1.24824
1.22542
1.14328
1.29066
0.732429
1.1955
0.888781
0.829
1.0496
0.861477
1.04287
0.756631
0.625933
0.974778
0.634757
1.1422
0.968121
0.676251
0.899045
1.01125
0.887179
0.819369
1.07239
0.714876
0.957152
1.18104
0.776306
0.771374
0.739397
0.788074
0.863938
0.984589
1.17719
1.03689
1.01083
0.478023
1.18248
0.853377
1.25548
1.33662
1.00934
0.780438
0.888274
0.71599
1.1902
0.687623
0.947444
1.16831
0.890396
0.891021
1.00564
0.862057
0.351737
0.650115
0.982959
1.09562
0.650439
1.21132
1.11558
1.14715
0.638149
0.997028
0.817998
1.10282
1.10745
0.881301
1.00118
0.580357
0.755523
0.928894
0.830383
0.888869
1.2213
0.952592
1.11527
1.14949
0.241848
1.3481
0.894574
1.29302
0.70892
0.798281
1.13505
0.926215
0.794673
0.558006
0.772672
1.1472
1.05548
0.819378
0.601013
0.668754
1.0236
1.06574
1.09755
0.664627
1.06339
1.17181
1.21744
0.803806
0.920291
0.898388
1.25327
1.01292
1.06808
0.672423
0.688638
0.564373
1.12392
1.26353
0.910568
1.05053
1.20603
1.16933
0.921007
0.966851
1.09752
1.09771
0.670952
1.05606
1.18067
0.920848
1.04809
1.02217
1.16233
0.879975
1.02106
1.14527
0.951685
0.74115
1.09081
1.21737
0.945743
0.798713
1.02959
0.657003
1.2395
1.23082
1.05364
1.11207
0.744934
1.03038
0.990432
1.08628
0.731162
1.0249
0.881777
1.19486
0.438839
0.741095
0.498574
1.12706
0.831897
0.78387
0.871559
0.894522
0.811229
1.20574
0.808655
0.827479
0.847328
1.08289
0.985508
0.554949
0.760084
0.859412
1.1099
0.729488
0.753857
1.27375
1.1063
0.987427
1.27195
0.752812
1.29259
0.84859
0.807552
0.597391
0.720305
0.586336
0.794513
0.776256
0.714066
0.581157
0.869129
0.654614
0.985515
0.861738
1.10854
0.870978
0.924278
1.08998
0.902659
0.928063
1.0694
0.862755
0.693123
0.517854
0.779267
0.822867
0.710489
0.899319
0.810622
0.922166
0.972971
0.626777
1.04819
0.955082
1.07383
1.0828
1.22936
1.00454
0.830259
1.19599
1.34114
1.40566
0.770257
0.656302
0.730479
0.712598
1.39439
1.00027
0.659752
1.1345
0.997724
0.629449
0.678246
1.27125
1.02111
0.918911
1.66133
1.11626
1.0023
1.37553
0.883645
1.23069
0.79953
0.938833
0.803191
0.826042
0.979865
1.22711
1.13988
0.893155
0.823887
0.459811
0.812932
1.06577
0.924239
1.25241
0.854929
1.06872
0.997129
0.714391
0.91611
0.561617
0.91179
0.919453
0.945292
0.940261
0.918878
0.958283
1.23998
1.3482
0.959811
0.724451
0.946776
0.974516
1.35646
0.873156
0.990095
0.86318
1.29294
0.853752
0.835056
1.03639
0.908919
1.08082
0.884427
1.05711
1.30544
1.13778
1.08072
1.34532
1.00007
1.19267
0.848685
0.980328
0.750197
1.01799
0.668548
0.928439
0.707285
0.739625
0.951577
0.677029
0.616841
0.818161
1.13494
0.971432
0.564322
0.917862
0.889864
1.04196
1.04471
0.710365
0.9342
1.23026
1.18938
0.78702
1.23959
0.997731
1.02168
1.11157
0.983698
0.985313
0.877405
0.901044
0.958112
0.874786
1.12703
0.877833
0.84931
0.728441
0.782244
0.737123
0.891681
1.18914
1.09378
1.04879
1.15494
1.31267
0.982124
0.964296
0.894133
0.808577
1.02692
1.20926
1.16543
1.23964
1.36751
0.661806
0.852239
0.979497
0.65152
0.897078
0.772571
0.646391
0.660498
1.0266
1.03291
0.79001
0.738653
1.16546
1.21859
0.881282
0.878581
1.14019
0.663459
0.803748
0.894228
0.82537
1.073
1.07996
1.24719
0.881513
0.740553
0.901901
0.775096
0.881854
1.04783
0.957243
0.885309
0.771475
1.01211
0.880704
1.28031
1.06389
1.08812
1.16157
1.09353
0.785534
0.841507
0.943287
1.21572
0.910452
1.30755
1.18114
1.06988
1.08503
0.726136
0.628777
0.919603
1.10871
1.05511
1.177
0.898276
0.728377
0.830095
1.16303
1.26692
1.03034
1.19686
1.1322
0.95726
0.624815
0.951925
1.29723
0.911969
1.14755
1.04343
1.12223
0.714232
1.23506
0.972525
1.14539
0.803519
0.990206
0.715518
0.819149
0.894291
1.0812
0.86037
1.37463
0.924198
0.76271
1.04787
0.548335
0.853334
0.729947
0.775706
1.05546
1.339
0.992889
0.845452
0.763113
1.02415
1.21007
0.985806
1.17656
1.08857
0.764036
0.846804
0.826639
0.819738
1.17503
1.2015
1.15231
1.10636
0.898709
1.07359
1.06952
0.639654
0.752478
0.855498
1.23458
0.768228
0.847066
0.82893
0.741495
0.850759
1.07721
0.647549
1.11597
0.826882
1.1376
1.10988
1.22481
0.75202
1.0006
1.13092
0.932915
1.19363
1.21891
0.737656
0.89744
0.910906
1.04065
0.835001
0.775728
0.906003
0.934519
0.877023
1.04785
1.10688
0.771477
0.474371
0.460273
0.231175
0.540853
0.255184
0.350575
0.669325
0.584277
0.335055
0.534943
0.889821
1.08659
1.0775
0.639782
0.608026
0.886869
0.443556
0.969147
0.958244
0.826309
0.897009
0.86377
0.97767
1.26213
0.886727
0.892386
0.851758
0.760144
1.13616
0.845919
0.802026
1.13244
0.823719
1.23152
0.923858
1.27704
1.12956
1.32053
1.39629
0.529221
0.805028
0.97889
1.4192
1.07566
0.87829
0.809535
0.649774
1.01011
0.898542
0.854545
0.784991
1.08989
1.34025
1.0509
1.20031
1.06388
0.782823
0.994712
0.83515
0.758211
0.873763
1.10034
0.884869
1.05559
1.03112
0.90619
1.22871
0.79234
1.00804
0.92423
0.887995
1.29027
0.767929
0.433413
0.747178
0.660963
0.930043
1.12067
0.789646
0.531112
0.90912
1.07754
1.15234
1.28508
0.606528
1.07799
0.929707
0.646572
1.15767
0.973658
0.717442
0.913599
1.07339
1.03477
0.906829
0.533726
0.62182
1.0735
0.83567
1.09588
0.630811
0.704711
0.52724
1.17276
1.05813
0.779551
0.789768
0.909211
1.03082
0.783311
0.953265
0.99265
1.01577
0.938366
1.21689
1.20038
0.830894
1.24016
1.01697
0.949615
0.777268
0.834754
0.70353
1.00132
0.685931
0.945642
0.927819
1.1558
1.04519
0.654601
0.944072
0.991631
0.956987
1.1122
1.12507
0.814623
0.410389
0.73905
0.980227
0.747032
0.581108
0.756186
1.44283
1.33876
0.683411
0.736932
0.820392
0.636109
1.00265
0.861168
0.548709
0.416303
0.698214
1.05083
1.17572
0.524828
0.946607
0.911717
0.950364
0.629866
1.07603
0.794904
1.0566
1.12932
1.3474
1.17929
1.11417
1.34989
0.744113
1.04289
0.999677
1.17012
1.13115
1.04811
1.18522
0.85692
0.86989
1.14782
1.02674
1.09341
0.607539
0.630564
0.710631
0.668461
0.732851
0.507819
0.606608
0.366145
0.597699
0.542933
0.669111
0.654263
0.861212
1.07347
0.944175
1.12517
0.805319
1.09447
1.27601
0.979832
1.00356
0.904439
0.966358
0.744873
0.813126
0.862361
0.880614
1.16212
1.06098
0.827152
0.84742
0.901207
1.00924
0.911664
1.44613
0.982223
0.904816
1.10352
0.802676
0.852529
1.16358
1.08736
0.932833
0.991973
0.846914
0.922442
1.09311
0.975625
1.03642
0.535443
0.702453
0.994698
0.853575
0.976424
0.76218
0.719046
1.05396
1.12103
1.09727
0.74602
1.11843
0.990682
0.833765
0.914393
0.968419
0.872504
0.810589
0.642215
0.680338
0.807715
1.1705
0.824043
0.581324
0.736361
1.3799
1.33251
1.29817
0.976551
1.0428
0.905829
0.817098
1.05749
0.985168
0.953717
0.856537
1.16421
1.14761
0.828787
1.21957
1.3313
1.2891
1.03021
0.945678
1.24907
1.5916
1.07684
1.02674
0.96057
0.670742
1.01751
1.05895
0.798481
0.662419
0.776357
1.10012
1.16501
0.870157
0.840124
1.13308
0.805456
0.480376
0.729177
0.611766
0.704264
0.998019
1.24478
1.12769
0.917279
0.886033
0.326402
0.842904
0.590136
0.933021
1.07354
0.653249
0.788455
0.894491
0.822305
0.774862
0.345652
1.10141
1.42198
0.97328
1.14027
1.31046
0.82182
0.879629
1.23242
1.13314
0.902071
1.02075
1.10633
1.16913
0.992972
0.953753
1.06327
1.14834
1.03906
0.816588
0.961845
0.84782
0.680701
1.33322
1.07304
0.949079
0.759471
0.794561
0.498167
0.866002
0.89649
0.908411
0.850401
1.09132
0.884584
1.09665
0.728881
0.904821
0.775694
1.12934
0.913941
0.981312
0.75647
0.948754
0.649851
0.840352
0.760039
0.658256
1.1155
1.09409
0.75536
0.545499
0.431034
0.824867
0.920849
0.984986
0.920226
1.06944
0.941472
1.13448
0.902923
1.00731
1.07364
1.08558
1.01543
0.686234
1.03968
0.930453
0.957839
1.03876
0.974542
0.630225
0.874591
0.644413
0.727076
0.817654
0.720735
0.912864
0.71209
0.8551
0.606075
1.04138
0.549052
1.06356
0.75127
0.853845
1.14308
1.23743
0.804029
1.3409
0.786828
0.933048
1.13676
0.687601
1.02581
1.02847
1.14772
0.908564
1.09758
1.11367
1.07348
0.71783
1.18775
1.23705
1.01355
0.896357
1.19236
1.50613
0.846312
1.16952
1.29591
0.935027
1.12128
1.33417
1.07716
0.686693
0.81072
1.27282
1.03963
0.882602
1.26403
0.745482
0.883001
0.840036
0.708988
0.876106
0.35459
0.683229
0.414912
0.81114
0.730742
0.801079
0.891546
0.987843
0.912086
0.56999
0.869456
0.848481
0.786048
1.23166
1.12125
0.970264
0.89904
1.19444
1.17347
1.06084
1.30515
0.939748
0.961915
0.740451
0.612396
0.845207
0.720357
0.819697
0.720334
1.13608
1.14571
0.919088
1.00766
0.983694
0.695693
0.663807
1.09493
0.864645
1.11159
0.969539
0.951974
0.894173
1.02093
0.987219
0.64954
0.687492
1.04188
1.31143
1.16257
1.02399
0.972513
0.767689
1.1348
0.971168
0.915888
1.07155
1.18797
0.933384
0.763269
0.923465
0.99196
0.739696
0.735976
1.20544
1.07278
0.613571
0.719624
0.703608
0.643209
0.927277
1.14085
1.10211
0.788926
0.964008
0.928326
0.902443
1.1366
1.01536
1.04742
1.16488
0.505291
0.909357
0.849331
1.02803
0.670944
0.599777
0.882069
0.798964
0.596573
1.13186
0.959402
1.00208
0.936876
1.1151
0.723485
1.05027
1.03525
1.08492
0.879667
0.435252
0.951149
0.723444
0.895362
0.916655
0.662241
1.03445
0.705377
1.04267
0.771031
1.08783
1.21294
0.932831
0.973121
0.769343
0.631965
1.26401
1.14658
1.08968
1.00619
0.960914
0.773096
0.789587
0.942635
0.964688
0.876933
1.25533
0.934113
1.17855
1.27907
1.23546
1.21285
0.942268
0.961147
0.804035
1.08053
0.954305
1.33602
1.03742
0.854063
1.06353
1.2332
1.44777
0.982708
0.863288
1.05348
0.511503
0.557207
0.619523
0.758783
1.10751
0.79955
0.63872
0.838563
1.00618
0.522657
0.822645
0.776485
0.553225
1.00644
0.780161
1.07588
0.635281
0.49249
0.805922
0.79558
1.21324
1.22367
1.13137
0.840546
1.02736
1.32874
0.945092
0.840576
1.24859
0.948118
1.04635
0.913915
0.988374
0.724073
0.52475
1.42528
1.07662
0.788754
0.858323
0.879382
1.14137
0.463002
0.986718
0.865739
0.810498
1.00317
1.2513
1.05755
1.00107
0.910838
0.568592
0.686275
0.699526
0.597463
1.3341
1.04008
0.879205
0.79805
0.939722
1.16617
1.11874
0.874183
1.14494
0.813004
0.562018
0.75227
0.777546
0.783966
0.851038
1.03765
0.737467
1.19284
0.861101
1.08648
0.842427
1.08831
0.59124
0.916543
1.30055
0.632722
0.648738
0.684646
0.535355
0.885238
0.776531
0.99736
0.991571
0.931218
0.744558
0.733308
0.965409
1.03828
1.27844
0.963643
1.14924
1.1252
0.874962
0.907106
0.979961
0.959004
1.06695
0.984183
1.22935
0.822547
1.04479
0.938513
1.07007
0.346204
0.816188
1.06429
0.933585
0.860181
0.968464
1.34326
1.27205
0.847615
0.885795
0.727505
1.06252
1.07514
0.696265
0.736603
0.709763
0.756048
1.02557
1.2437
0.807723
1.03299
1.29993
1.01242
0.879472
0.649256
0.828903
0.829386
0.943366
0.709604
0.903104
1.11136
0.958837
0.574575
0.833765
0.864985
1.11774
0.8733
0.723277
0.895656
0.925411
1.00564
1.30165
1.02306
0.960135
0.841478
1.05812
1.08255
0.883779
1.43689
1.0143
1.21728
1.09041
0.561469
1.15054
0.563847
1.0286
1.22364
0.941163
0.951415
0.956161
0.903754
0.990565
0.796856
0.94419
0.923399
1.25518
1.0521
0.946473
0.686681
0.797947
0.815147
0.825204
0.789909
0.664867
0.713333
0.552065
0.418976
0.449982
0.312208
0.708702
0.633378
0.893271
0.731674
1.02334
1.03124
1.11338
0.946243
0.455268
0.631817
0.958227
0.950671
0.966891
1.05105
0.741322
1.05131
0.807746
1.14588
0.910132
0.71882
1.0114
0.879251
0.935106
0.570449
0.813834
0.712418
0.853126
0.484275
0.967225
0.627918
0.695675
1.19881
0.802704
0.784578
0.749217
0.793573
0.857354
1.18385
0.818506
1.06414
0.961505
0.682628
0.892703
0.605309
0.909664
1.09126
1.10978
0.969887
1.20364
1.35275
1.06414
0.9818
1.3689
0.765133
1.02805
1.34555
0.9959
1.1114
0.734328
0.611309
0.805341
1.11276
0.981471
1.03069
0.737177
1.03158
0.79493
0.734571
0.921706
1.03154
0.660209
0.855167
0.999385
0.819457
1.18424
0.819528
1.20059
1.03123
1.24482
1.22653
1.16209
0.986818
0.768197
1.12385
0.893116
0.971072
0.767325
0.607405
0.905177
1.22404
1.00718
1.25667
1.17662
0.530771
0.507404
0.33785
0.283193
0.68105
0.982458
0.730501
0.807125
0.824069
1.1983
0.513386
1.02354
1.09038
0.855327
0.89046
0.955302
1.1992
1.07699
1.08244
0.852765
1.02179
0.665139
0.607677
0.712605
0.5603
0.966303
1.13755
1.12043
0.974838
0.860929
0.838862
0.570893
1.16471
0.875631
0.928743
1.25564
1.1005
0.729442
0.721375
0.77187
0.415251
0.927237
1.05535
1.28338
0.821292
1.07038
1.12403
0.89491
1.0901
1.08207
0.69176
1.05455
0.736989
0.866571
0.80128
0.954881
1.26291
1.16644
1.19527
1.00515
0.963087
1.01602
0.872029
1.08052
0.842462
1.28925
1.24213
1.0489
1.01676
0.673245
1.06636
0.81002
0.743968
0.543951
1.09434
1.2849
1.07209
1.08232
0.810752
0.58442
0.684806
0.80083
1.08861
0.66123
0.831953
0.870051
0.848592
0.685018
0.588891
0.798966
0.977798
0.902392
0.240535
0.591755
0.681956
1.05962
0.946957
0.674773
0.757133
0.577877
0.81392
0.725033
0.738198
1.11292
1.29616
1.12307
1.10043
0.839657
0.917064
1.20874
0.863769
1.39613
1.11853
1.0021
0.637644
1.1486
0.851959
1.02741
0.931034
0.562742
0.822319
1.12688
1.06193
1.23022
0.997917
1.32247
1.09388
0.989366
0.831738
1.20132
1.16507
0.908893
0.752392
0.726908
0.675789
0.957429
1.0156
0.634351
0.774421
0.807477
0.945005
0.930204
0.870986
0.776545
0.846229
1.06511
1.19423
1.01727
1.18626
1.0193
1.11246
0.676846
0.925051
0.60639
0.767285
0.742864
1.1486
1.03889
0.955842
1.03562
1.00444
0.562012
0.893488
0.796675
0.922563
1.03967
1.22487
0.949713
1.19202
0.670891
0.545075
0.930004
0.864333
0.993807
0.923385
0.840537
0.803433
0.833104
0.985618
0.972911
0.644686
0.976959
0.955928
1.05132
1.09996
1.05329
1.34062
1.07665
0.886954
0.792865
1.0598
1.03051
0.767614
0.910987
0.803279
0.680926
0.764871
1.04191
0.872549
0.966676
1.00687
1.21346
0.944959
1.31504
0.944662
1.31281
1.33669
0.750519
0.838871
0.910207
1.07287
1.11319
0.943825
0.572937
0.887754
1.06731
1.23673
1.12342
0.968142
0.780493
0.704293
1.02448
1.05845
1.08368
0.819069
0.436807
0.866019
1.05695
1.31594
0.960235
0.960059
0.996606
1.18199
1.2402
0.88522
1.14303
1.34221
1.07282
0.934277
0.921034
0.750971
0.778142
1.02267
0.888037
1.36134
0.755885
1.29408
0.377262
1.21865
0.882829
1.10187
1.33757
1.18671
0.884486
0.853193
1.0738
0.597065
1.06546
1.22361
1.0459
0.921997
1.1714
1.27064
1.13811
0.928015
1.13569
0.979194
0.841987
0.798913
0.858976
1.06824
0.952056
0.870973
1.02881
0.767671
0.794236
0.689048
0.809296
0.782781
0.574791
0.75812
1.05868
0.983226
0.951969
0.689065
1.17054
0.868805
1.16389
1.18527
0.963192
0.603125
0.726218
0.941344
0.916523
0.603899
0.717862
0.962319
0.5901
0.970255
0.559812
0.9715
1.20894
1.06524
1.35114
1.08685
0.942781
1.07603
0.950515
1.07366
1.24733
0.76387
0.748876
1.09138
1.31462
1.04524
0.867793
0.987188
0.93164
0.873554
0.524529
0.636856
1.21347
1.10715
0.909413
0.954732
0.759745
0.998376
0.863717
0.99718
0.845015
0.995509
0.931298
0.704848
1.21525
1.28789
1.06053
0.982975
1.00639
0.88509
0.938505
0.875901
1.02309
1.00652
1.00336
1.29832
0.774855
1.09597
1.16479
1.06294
0.798211
1.13876
0.559008
0.826304
1.13567
1.13901
0.872502
1.19418
1.2752
0.93624
0.859142
0.618439
1.16064
0.774045
0.480395
0.702177
0.793897
0.912074
0.681562
0.658988
1.21754
1.20536
0.835084
0.938134
0.593386
1.0247
1.16544
1.22621
1.24485
0.850084
1.2192
1.03199
0.561204
0.38052
1.00339
0.823937
0.677779
0.986482
0.833383
0.919676
0.88632
0.871668
1.03751
1.19192
0.884575
0.723826
1.31996
1.07824
1.14848
1.11944
1.31467
1.06205
0.870269
1.01219
1.31764
1.16154
0.799443
0.743485
0.794342
0.832565
0.934866
1.08875
0.998894
1.20148
1.20025
0.988331
0.924041
0.6553
0.814121
1.12656
0.739434
0.883876
0.981147
0.763408
0.764226
1.26408
0.789583
1.20928
0.727752
0.635871
0.993952
1.09326
1.22782
1.24733
0.899455
0.807158
0.718849
0.770799
0.99882
0.737838
0.977589
0.869357
0.802741
0.822264
1.05665
0.743454
1.0218
0.79701
0.933473
0.779823
0.781245
0.858715
1.00564
1.16819
1.01012
0.82418
0.724244
0.787312
0.678531
0.262122
0.975564
1.07036
0.806175
1.11407
1.09674
0.803836
0.744477
0.549166
0.602173
0.654178
0.823326
0.914015
0.874216
1.09041
0.643007
1.06324
1.41634
1.33674
1.05746
0.955775
0.883676
0.988234
0.995969
1.19632
0.859368
1.02905
1.26055
1.00574
1.01254
0.946
0.775213
1.29465
0.793004
0.886667
0.996375
0.913539
1.04412
1.14774
1.0449
1.19564
0.758575
0.828438
0.92171
1.00524
0.826335
1.05001
0.86223
0.795828
0.923045
1.02342
1.00885
0.770612
0.434176
0.726459
0.856353
0.70577
0.934188
0.902851
0.872952
0.699787
0.754159
0.672638
0.822153
1.11793
1.08803
1.04749
0.905432
1.12772
0.914202
1.28355
0.755581
0.800871
0.969588
0.887717
0.832098
0.872492
0.799864
1.10766
0.507719
1.17144
0.798184
0.830542
0.79043
0.963961
1.20117
1.05559
1.12825
0.946904
1.26272
1.15945
1.24475
0.676088
0.557869
1.09067
0.791618
0.984314
0.831341
0.633022
0.808378
1.20484
1.10366
0.640925
1.31608
1.2665
1.46711
1.14128
0.763501
0.792171
0.794281
0.880751
0.665842
0.601484
0.875014
0.905362
1.02697
0.79173
0.767695
0.725127
0.888112
0.613519
1.24033
0.933068
0.636951
1.03819
0.883376
0.992933
0.916615
0.964438
0.953182
1.40676
0.948573
0.913096
0.90939
0.995032
1.23919
0.728826
0.899817
1.03543
0.582341
0.812176
0.749086
1.1324
0.831996
1.33973
1.06086
1.12491
1.11833
1.03549
0.64332
1.14025
1.03563
1.05685
0.66004
0.770724
0.780089
0.877075
0.832612
1.15923
1.40642
0.898649
1.2211
0.988549
0.906719
1.09172
0.829022
0.935281
1.33809
1.00586
1.19404
1.15339
0.835364
0.853555
0.77199
0.967065
0.936114
0.673173
0.977816
1.083
1.19938
1.12771
0.905949
1.28893
0.791004
1.01879
1.205
0.893807
0.993087
0.909693
0.949069
0.929916
1.02245
0.888483
1.20752
0.874372
1.37568
1.28676
0.661112
0.981728
1.03007
0.862224
0.83912
0.858333
0.728524
1.05162
0.891464
1.03724
0.835163
0.991465
0.747245
1.19753
0.80578
0.52641
0.5869
0.840821
0.770913
1.25592
1.37599
0.847524
0.679842
0.621725
0.932713
1.15911
1.15455
1.01879
1.01724
0.852781
1.16074
1.11249
0.681918
0.753302
1.14311
0.902975
1.16663
0.998114
1.00894
1.01464
0.928767
1.15279
0.629026
1.1449
0.507986
1.06097
0.744781
1.24954
0.871462
0.966031
0.374334
0.904252
0.498422
1.0374
0.898695
0.717816
1.43498
0.933599
1.08334
0.798006
0.900206
0.878438
1.14426
1.02077
0.662186
0.997739
0.866618
1.19169
0.988331
1.05085
0.93789
1.11736
1.07878
1.07262
1.2049
0.826935
0.549701
0.962647
0.83842
0.720473
1.08429
0.660522
0.748515
0.703074
1.18902
0.474403
1.1004
1.11142
1.11574
0.774002
1.0277
0.817983
1.17586
0.725183
1.09354
1.16613
0.997974
1.00486
0.727873
0.910706
1.04237
1.05218
1.15402
1.06544
0.609994
0.624478
0.912359
1.04095
1.0033
0.781998
0.475272
0.887271
1.13603
1.22244
0.881307
0.543568
1.1894
0.802359
1.05756
1.09972
1.20727
0.836539
0.897087
0.959951
1.23835
0.765697
1.09363
0.611922
1.06985
1.13163
1.01277
0.956388
1.04738
1.09272
1.1391
0.947229
0.577852
0.616087
0.735781
0.872339
0.614339
1.24908
0.957842
1.0601
0.772938
0.471044
1.15445
1.30541
0.97192
0.803118
0.775573
1.19431
1.29893
0.979267
1.01004
0.789091
0.61856
0.969849
0.907073
0.984206
1.07808
0.587643
1.19607
0.740775
0.830205
0.888757
1.0698
0.487266
0.895795
0.719339
0.411234
0.740058
1.05167
0.817906
1.28638
0.634618
0.98869
1.30967
0.913058
1.01272
0.931165
0.818945
0.643139
1.07303
1.06424
0.643769
0.608079
0.876694
0.957038
1.05001
0.799002
0.555571
0.872109
1.04761
0.907166
0.862679
1.04448
0.916057
0.959523
0.982813
0.700991
0.980638
1.14075
0.93304
1.09224
0.904231
1.06025
0.849859
0.453324
0.722122
1.40981
1.32982
1.13271
1.36342
0.913628
1.04309
0.924706
0.86728
0.98521
0.973819
0.922786
1.08309
1.19496
0.838376
0.72278
1.25828
0.922142
0.890604
1.20969
0.997035
0.943292
1.03198
0.925248
1.14466
1.05627
1.3134
1.38096
1.35115
1.13238
0.880818
1.07609
1.25675
0.955778
1.1957
1.03009
1.17444
1.25362
0.777507
0.908359
0.554682
0.717866
0.935083
1.03109
0.633904
0.595768
1.30906
0.993773
1.08546
1.09398
1.04214
1.08209
1.13398
1.1956
0.921688
1.15602
0.80252
1.01037
1.17503
0.834541
0.701312
0.726103
1.17397
0.898786
0.905672
0.948623
0.651219
0.973702
0.587766
1.14387
0.948177
1.00802
1.16532
0.867854
0.777495
0.704695
0.957181
0.891391
0.732369
0.835182
0.913028
0.643362
0.511193
0.822519
0.799565
1.19436
0.843913
0.426959
0.977681
0.459972
0.589891
0.81884
0.99522
0.704028
0.618863
1.11309
0.683928
1.42419
0.853918
0.903762
0.834049
1.15581
1.05339
1.10027
0.763847
0.879454
1.08376
1.325
0.932604
1.0276
0.938727
0.991198
0.833558
0.956221
1.03831
0.912698
1.43233
0.894645
0.996996
0.628957
1.00669
0.602607
1.24212
0.859216
1.10081
1.25465
0.947667
0.283742
0.47046
0.576266
0.84168
0.7773
0.781523
0.647087
0.481892
0.831154
0.247019
1.05321
0.786394
1.00442
1.04017
0.935528
1.18299
1.15392
1.08713
1.07304
1.40419
0.712195
1.0124
1.35097
1.11086
1.06732
1.09432
0.824228
0.740317
1.17138
1.1476
0.61647
0.963965
1.01684
1.21159
0.816719
1.20911
1.26475
0.993454
0.840637
0.815781
1.12345
1.08699
0.942601
0.819066
1.10699
1.36642
1.01493
0.875678
0.907714
1.29595
0.858007
0.624799
0.724168
1.13321
0.997734
0.83223
1.20863
1.13904
0.866125
0.964748
0.693127
1.08721
0.887668
1.2232
1.03548
1.05447
0.884547
0.79975
0.56667
0.928946
1.09058
0.87453
0.697988
0.721627
0.88212
0.553305
0.483047
0.560269
1.00951
0.847547
0.972079
1.20548
1.22714
0.900578
1.31562
0.896728
1.33153
1.06878
1.07168
0.917327
0.302737
1.0345
0.948191
0.954304
1.23523
0.846995
1.04551
1.1327
0.918395
0.893368
1.32893
1.01766
0.907961
1.2599
1.27697
0.805842
0.699144
1.05184
1.21776
0.817606
0.985128
0.92204
0.59726
0.30968
0.853548
0.745465
0.734792
0.917036
1.0116
0.778521
1.08149
0.751407
0.618954
1.05386
0.839191
1.11703
1.21408
0.89249
1.08895
0.758564
0.82504
0.907375
1.13771
0.771348
0.85574
0.78608
1.04946
1.01746
1.18657
1.04267
0.793788
0.875966
0.867044
0.961048
0.930161
0.877869
1.27058
1.08486
1.01946
1.24589
1.12379
1.16056
0.942231
1.13309
1.05191
1.07438
1.17163
0.823621
0.882638
1.19886
1.02894
0.790966
0.87808
1.282
1.32419
1.02482
1.12719
1.02143
0.988483
1.28643
0.926439
0.742571
1.04825
1.27879
0.986126
1.01697
1.16468
1.32195
1.0588
0.703937
1.41152
1.17675
0.799857
1.10605
1.10617
0.951874
1.14283
1.09911
1.12773
0.897503
0.409212
0.576275
1.18748
1.35204
1.34131
1.14612
0.864519
0.974823
1.08925
0.617952
0.817978
1.10404
0.835953
0.595027
0.978216
0.784793
1.11954
0.575295
0.702362
0.929314
0.896769
0.944807
0.882574
0.880626
0.986683
0.897606
1.32577
1.10048
0.859925
0.950175
1.18966
1.01565
1.09535
0.8619
0.97426
1.02626
0.891768
0.857561
0.89358
0.979003
0.732469
0.867016
1.08987
0.984813
1.33593
1.01524
1.12539
1.15677
0.910561
0.932452
1.011
1.18769
1.02896
0.55776
0.994798
0.899995
1.0908
1.10516
0.803477
0.963433
0.788458
1.07937
1.06684
1.06194
0.972558
1.00455
1.23625
0.923366
0.880961
0.687013
1.10471
1.1107
1.07675
0.751385
0.756909
0.81764
0.899433
0.842306
1.09246
0.971726
0.950197
1.00572
0.876662
1.0401
1.16463
0.95675
0.888732
1.2814
0.958962
0.930873
0.476689
1.06625
1.19846
0.650944
0.757439
1.16968
0.965856
0.985661
0.983628
1.05937
0.489698
0.826729
0.53727
1.01961
1.11966
1.03114
0.626755
0.955322
1.08144
0.875617
0.87217
0.438683
1.12265
1.28921
1.1664
0.854599
1.21079
1.18632
1.36174
0.566734
0.481648
0.57408
0.964228
0.93847
1.00292
0.992231
1.04704
1.05919
1.12152
0.77342
1.01273
1.07914
1.14307
0.912437
0.660918
1.04434
0.860116
0.932546
0.866142
1.10203
1.26492
1.02361
1.08842
1.01935
0.77268
0.942171
0.710359
1.14409
0.988744
1.34125
1.03624
1.09415
1.22876
1.07417
1.02552
1.00867
0.81922
0.767311
0.923461
1.26257
1.28965
1.06601
0.886223
1.19398
0.691028
1.05674
0.59584
0.893853
1.12958
1.11092
1.27059
0.967627
1.03217
0.893216
1.16018
1.2261
0.862635
0.735112
1.12705
0.983449
0.65205
0.986301
0.882699
1.01342
0.775486
0.740049
0.77476
0.675819
0.828691
0.813412
0.870369
0.814982
0.910664
1.35414
0.719339
0.773342
0.716205
0.880671
1.22042
0.481852
0.916343
0.369559
0.497394
0.233222
0.376348
0.729477
0.470694
0.663284
0.651638
0.792422
1.10914
1.06667
1.18249
0.81083
0.872671
1.13753
1.20378
0.924935
0.990927
1.32708
0.937428
1.08251
1.12614
0.951209
1.19912
1.09753
0.91604
0.946127
1.01953
0.902615
1.09415
0.882982
1.03777
1.00806
1.1491
1.09048
1.04659
0.905936
1.01396
0.791381
0.743449
1.02086
0.79757
1.22184
0.690509
1.07849
0.981152
0.988438
1.0933
1.08999
0.99735
0.757871
0.898651
1.04592
0.870096
1.16455
1.15935
0.840011
0.993545
0.758416
1.02674
1.2867
1.3966
1.18215
0.947345
0.934065
0.90013
0.772559
1.16518
0.8317
1.11155
0.719138
1.01582
0.877715
1.23933
0.997766
0.92166
0.938403
0.715446
0.958356
0.950084
0.937354
0.879756
0.754532
0.844996
1.08666
0.879853
1.02853
1.12578
1.03648
0.579144
0.366384
0.822238
1.15929
0.815374
1.03951
1.07177
1.09121
0.830354
0.948659
0.942074
1.16944
0.741999
0.896791
1.02713
0.755273
1.03186
0.916179
0.957674
1.29653
0.609709
0.871746
1.17003
1.2403
1.07816
0.933035
0.915848
0.998045
0.903065
0.756665
0.953681
1.14353
0.817372
0.991913
1.29679
1.20452
1.24026
1.05487
1.07073
0.984249
1.11246
1.45645
0.821257
0.745217
0.978386
1.09762
1.09183
1.30337
1.19184
0.905964
1.24939
1.25321
0.831119
0.80709
0.869817
0.785099
0.818377
0.555131
0.626934
1.01308
1.1488
1.00426
0.884969
0.599778
0.440865
0.630945
1.02032
1.03823
1.16368
0.892734
1.06022
0.976207
0.679864
0.910412
0.813744
0.729861
0.734367
1.06937
0.874925
0.697196
0.620924
0.887149
1.05486
0.83779
0.96073
1.16197
1.206
1.26151
1.04994
0.923826
0.675536
0.932335
0.864798
0.809576
0.93795
0.855022
0.7644
0.854046
0.687198
0.568391
0.690878
0.916412
0.979454
1.06817
0.738509
0.991766
1.08987
1.06181
1.11611
1.02304
1.01199
0.632356
1.13082
0.803249
0.983035
0.788997
1.14903
0.97224
1.28132
1.18614
0.838416
0.956884
1.32289
0.924829
1.12154
0.975384
1.15194
1.02186
0.774523
1.08543
1.03221
0.775167
0.471023
1.17744
0.577691
0.548119
1.09112
1.14035
1.28423
1.26046
1.06662
1.10915
0.99043
0.951647
1.13427
0.838444
0.872896
0.98443
0.940684
1.11729
1.2487
0.769506
0.899575
1.11886
1.27604
1.21917
1.09935
0.713562
1.14038
1.03617
1.03248
1.10667
1.02302
1.10367
1.14942
0.896205
0.939835
1.11208
1.28759
1.15237
0.600815
0.85074
0.740614
0.871764
1.01401
1.20378
1.16197
1.05846
1.17417
0.685486
0.857238
0.754802
0.804069
0.801955
1.16794
1.02411
1.05735
1.00316
1.11717
1.30035
0.630456
1.07906
0.811868
0.719171
0.821885
0.975195
1.00288
0.895633
1.15998
0.892805
1.00084
1.09651
1.0634
0.562974
1.12084
1.04208
0.7752
0.657278
0.911166
0.676245
1.28991
0.888957
0.696283
1.25253
1.15929
1.25937
1.15045
0.987372
0.962257
0.673892
0.685533
0.406782
1.00582
0.888831
1.13649
0.920078
1.17695
0.966821
0.80627
0.934733
1.18665
0.948723
0.994051
1.04364
0.93259
1.11326
0.578457
1.15406
1.122
0.595524
1.02574
0.789208
0.697269
0.760971
0.883626
0.62577
1.03084
1.00795
1.04434
1.02998
0.568652
0.715274
0.75853
1.20819
0.672743
0.956666
0.917585
0.856398
1.17031
0.642209
0.709153
1.13373
0.870265
0.673565
0.941312
1.04764
1.02868
1.20243
0.963988
0.711299
0.807154
0.698135
1.04776
1.00125
0.924681
0.789857
0.929449
0.782219
0.833249
1.0056
1.13338
1.1478
0.871214
0.910884
0.687639
0.339952
0.986533
0.916931
0.998428
0.894054
0.983119
0.787195
0.558988
0.951643
1.03401
1.19473
0.773367
0.866369
0.63813
0.885848
0.77739
0.771337
1.29151
0.693675
0.729605
0.832643
0.773619
0.911856
0.674707
1.20325
0.873459
1.16476
1.18276
0.932979
0.834201
0.865403
1.06199
0.872886
0.809946
1.36635
1.09644
0.863794
1.02301
1.01706
1.30148
1.0903
0.975107
0.660133
1.05472
1.17132
0.765598
1.00033
1.12606
1.22422
1.17433
1.25382
1.08011
0.764963
0.644403
0.59896
0.422042
0.71124
0.714468
1.05332
1.0886
0.685289
0.933977
0.503071
0.965072
0.814865
0.267348
0.836532
1.04214
0.736275
0.901456
0.510128
0.645161
0.819343
0.860133
0.638435
0.842258
0.92314
0.919596
1.01351
1.03197
0.691589
0.974209
0.7596
1.09315
1.16664
0.728589
0.605914
1.22914
1.5516
0.838879
0.908016
1.25503
1.1882
0.889288
0.909792
1.03391
0.65306
1.06188
1.21475
1.00036
0.816905
0.772786
0.870664
0.801609
0.745315
0.722989
0.727886
0.8607
0.681216
0.763781
0.9322
0.639543
0.710427
0.904008
0.780391
1.23649
0.990315
1.12257
0.885353
1.23047
1.08033
0.917137
0.558235
0.686183
1.04042
0.355685
1.09976
0.697769
0.675367
0.89505
0.810513
1.30923
1.05587
1.10934
0.657895
1.18846
1.18086
0.77787
0.713547
1.19485
0.738427
0.933656
0.44682
1.35401
1.18817
0.660217
0.980546
0.903851
0.484811
0.956393
0.995402
0.638978
1.10392
0.994275
0.872459
0.96833
1.10672
1.33338
1.22816
1.09201
1.04499
1.2425
1.25936
0.993398
0.791732
0.887947
0.692176
0.983174
1.05627
0.989672
1.23568
1.02977
0.837543
1.05915
0.871364
0.877594
0.810232
1.52856
0.523102
0.874901
0.978072
1.09575
1.07898
0.972204
0.812748
0.631791
1.02066
0.865372
0.992614
0.72336
0.968397
0.707061
1.03513
1.28368
0.881264
1.16971
0.801449
0.811443
0.496719
0.670277
0.883982
0.72361
0.778922
0.593284
0.825222
0.988119
1.01339
1.07415
0.586331
0.998504
0.7545
0.884041
0.719525
1.18899
0.586701
0.92696
0.969021
0.99661
0.911415
1.15084
1.06224
0.680382
0.779952
0.73296
0.765013
1.05504
1.30909
0.834057
0.946713
0.992758
0.820261
0.941221
0.999506
0.903553
1.43483
0.906428
0.682187
0.774603
1.51005
1.31402
1.27076
1.09274
0.891106
1.08158
0.98993
1.05926
0.595737
0.977603
1.11553
0.742217
0.605032
0.828433
1.01768
1.22383
0.689031
0.355674
1.04574
0.981236
1.13767
0.750689
1.34741
1.1061
1.21511
0.918856
0.503123
1.0081
1.00003
0.924239
0.744019
1.00942
0.846112
0.669669
0.863698
0.710351
0.648406
0.847108
1.07461
1.20958
1.07438
0.74806
0.634253
0.71614
0.584479
1.0167
0.700994
0.946906
0.753459
1.1202
0.914631
0.821853
0.878461
1.03893
1.12181
0.952046
0.632916
1.27571
0.832547
0.938553
1.22643
1.41565
1.38134
1.08658
0.804325
1.04703
1.14062
1.11389
0.869141
0.910482
0.828763
0.671538
0.959425
0.467113
1.07502
0.990454
0.985256
0.823408
0.75488
0.84253
0.835867
1.05284
0.842757
1.02813
1.03993
0.802906
0.894701
0.808272
1.23434
1.26891
1.05096
1.07462
1.40794
1.44341
1.13131
0.756108
0.641557
0.841921
0.917265
1.04841
0.812541
0.871131
0.83754
1.1879
0.964188
1.07347
1.07935
0.930086
0.677774
0.934988
1.11888
0.820007
0.645059
0.712275
0.711357
1.05132
1.23992
1.00107
0.85996
0.957581
1.2032
1.10077
0.918528
0.692604
1.18459
0.932307
1.17058
0.959386
1.09954
0.57501
0.802499
1.11666
1.03038
1.04689
1.28263
0.921088
1.0257
1.17968
1.07588
0.619768
0.874285
1.18108
1.05679
0.81803
1.15724
1.1921
0.794334
0.67468
0.883395
0.904012
0.775841
0.710632
0.900901
0.796916
0.885217
1.10113
0.780482
0.869959
0.845537
1.22383
1.40001
1.01777
1.13441
0.722742
1.19057
0.770054
0.833403
0.76055
1.04735
0.949173
1.19068
1.34712
0.929607
1.05197
1.00702
1.22233
0.815028
1.10834
1.18392
1.02806
0.94099
0.957622
1.2386
1.03722
0.898379
0.789875
0.85341
0.778996
0.876638
0.542348
0.894642
0.999178
1.3793
0.940691
0.915627
0.918937
0.948988
1.12615
0.92929
0.944777
0.72923
0.710526
0.952409
0.91712
1.40158
0.839052
1.04948
1.05009
0.752913
0.811199
1.15841
0.888049
0.815487
0.862438
0.932327
1.34464
0.90284
0.803146
1.11693
1.45619
0.970847
0.875429
0.829846
0.659308
0.901101
1.22774
0.592592
0.469411
0.860087
1.17302
1.27972
1.12546
1.06113
1.25461
1.17853
1.17961
0.670957
0.972733
1.23816
1.02266
1.24564
1.14536
1.01947
0.977808
0.654728
0.803594
0.483505
0.947196
0.781667
1.14996
1.34167
1.0834
0.930713
1.14922
1.22156
0.940247
1.03433
1.11633
1.19556
1.22323
0.958726
0.807458
1.12729
1.07709
0.783106
0.922161
0.834433
0.873156
1.03675
0.92071
1.13702
0.871577
0.862586
1.32494
1.27802
1.03328
1.18686
0.836984
1.13543
0.980412
1.21549
1.06758
0.96845
0.831657
0.978757
1.11496
1.05784
0.931326
1.08919
1.02045
0.844961
0.868302
0.677761
1.10029
0.912081
0.562111
0.76088
0.89888
1.10636
1.04159
0.995191
0.981061
0.68707
1.02974
0.83061
1.38977
1.14622
1.06927
0.865346
1.14301
1.31185
1.27295
1.07429
1.04463
1.2284
1.13809
0.790801
1.06515
0.713443
1.17116
1.20801
1.10707
0.642103
0.684006
0.416524
0.565378
0.926577
1.03528
1.18037
1.00543
0.974581
1.31931
0.964407
0.903848
0.545187
1.1231
1.12744
1.08653
1.09625
1.32286
0.871615
1.01869
1.04654
0.910369
1.07567
1.09818
0.961541
1.0881
1.13447
0.814143
0.852277
0.833773
1.13386
0.802804
1.01589
0.874719
0.689703
0.967752
1.21091
0.581256
1.06204
0.813178
0.750428
0.966017
0.810853
1.03326
0.74932
1.19061
0.905213
1.18847
1.03884
1.00996
0.968704
0.804898
0.994993
1.03954
1.08533
1.14246
0.776114
1.13329
1.12737
1.11729
0.949969
0.862444
1.18911
1.08372
1.11548
0.457541
0.421793
1.0652
0.706021
0.717032
0.75665
0.606376
0.90038
0.470689
0.569199
1.07213
0.691749
0.941513
0.668065
0.674235
0.577276
0.964553
1.07528
1.21349
1.1859
1.11966
1.30737
0.938381
0.909261
1.0002
0.937253
0.931414
1.41861
1.26411
0.843333
1.13335
0.982974
1.13153
1.0644
0.737275
1.08102
0.897483
1.17137
0.58622
1.00516
0.925779
1.18464
0.888319
0.647818
0.87626
1.0285
0.66079
1.08098
0.97704
0.893233
1.1854
1.16514
1.30433
1.1399
1.27421
1.12974
0.795438
0.792953
0.771607
1.10645
0.567634
0.954
1.00342
0.884381
1.15157
1.01694
0.839874
1.00723
0.930784
0.756765
1.18982
0.644717
0.940695
0.893579
0.679306
0.702461
0.521693
0.582166
0.740259
0.880809
1.14491
0.963363
1.15801
1.22835
1.28448
0.902441
0.684061
0.864747
0.968226
1.05952
0.413477
0.531948
0.556814
0.824162
0.54323
0.586452
0.849598
0.916883
0.567087
0.469478
0.847859
0.916689
0.68029
0.830462
0.869982
0.960812
1.09451
0.991378
0.814399
1.19857
0.86849
0.638324
0.575366
0.432113
0.701216
0.74165
0.767848
1.09824
1.03584
0.948023
0.93147
0.668634
0.96044
0.970461
1.01011
1.08461
0.984988
0.960274
1.19938
0.846844
1.2539
0.942027
1.26444
1.23927
0.590849
0.77865
0.874166
0.956931
1.01682
1.03258
0.877731
0.496575
0.459135
0.779569
0.824988
0.869539
0.807197
1.01748
0.922818
0.797956
0.586351
0.835939
0.993359
0.904609
1.07573
0.951305
0.62684
1.0422
0.786131
0.539413
1.08366
0.730089
0.457157
0.510086
1.11405
0.906231
0.972207
1.09908
0.765962
1.15058
0.808214
0.89437
0.704335
1.0117
1.04307
1.10774
0.991576
0.999176
1.01222
0.763705
0.761808
0.979491
0.961967
0.776084
0.810936
0.926789
1.30237
1.17258
1.28146
1.00501
1.30977
1.10377
1.10654
1.19777
0.726188
1.53876
1.39175
0.871823
0.749
0.657217
0.941031
1.39723
0.93569
1.3562
0.901985
1.02041
0.768398
0.742453
0.994115
0.957829
0.64514
0.951957
0.805646
1.00044
1.10297
0.801901
1.11487
0.928612
0.905715
0.645162
1.00348
0.537499
1.03734
0.724265
0.939733
0.791035
1.05513
1.03975
1.03508
0.951073
1.03864
0.903064
0.976315
0.990654
0.853949
0.597886
0.747525
1.16986
1.30548
0.839224
0.979367
0.868166
1.48338
1.043
0.944296
1.18226
1.04309
1.22307
1.14289
0.574995
0.833049
0.550007
1.22508
1.02197
1.21971
1.25775
1.02743
1.03028
0.964501
0.670502
1.09606
1.18267
1.01742
1.16298
0.90331
1.05836
0.939232
0.945726
1.11658
0.64801
0.795363
0.484684
0.495262
0.308522
0.776254
0.562361
0.461813
0.387668
0.883137
0.881646
0.692347
0.974999
0.924057
1.09706
0.986051
0.578322
0.922497
0.983706
0.807795
0.804747
0.934112
0.695248
0.984431
0.924997
0.789402
0.968543
0.927312
1.04979
1.1079
0.824755
0.559585
0.936391
1.02945
1.09809
0.939284
0.936988
1.07884
1.12365
1.07161
0.808142
0.759842
1.06868
0.952842
1.08451
0.746365
0.748455
0.570165
0.415476
0.43773
1.44788
0.901567
0.765508
0.821724
0.869199
0.768663
1.249
1.06277
0.766034
1.03773
0.97553
0.942585
0.856153
1.14275
1.12512
0.990151
0.938188
1.28491
0.936964
1.07542
1.03308
0.957087
0.862382
1.05378
0.984657
1.34116
1.18333
1.15786
0.98784
0.995812
1.13935
0.881269
0.951001
1.158
0.947531
1.18912
1.26692
0.976289
0.800721
0.985738
1.32505
0.912662
1.00985
0.927273
1.18608
1.48943
1.0681
0.835224
1.10752
0.821662
0.948131
0.648292
0.880589
0.735301
0.731761
0.793125
1.13784
0.89873
1.04614
1.36973
0.741939
0.711335
0.829578
0.889837
0.854407
0.875832
1.2623
0.97522
1.11068
1.00522
0.575814
1.05231
1.01136
1.31438
1.12099
1.16256
0.954864
0.764395
0.802049
0.822684
1.27732
0.751242
0.998222
0.762873
0.922177
0.913926
0.786918
0.820064
0.945342
0.782516
0.536625
0.975904
0.88731
1.09844
0.870941
0.839212
0.963665
0.64973
0.943343
1.14499
0.804434
1.02122
1.05369
1.13432
0.964237
0.979426
1.33806
1.05869
1.00632
1.12791
0.941317
0.836445
1.05589
1.03531
0.963201
0.953612
1.11155
1.16745
1.10816
1.21375
0.88905
0.915358
1.07599
1.14503
1.22866
1.04703
1.06864
0.916206
0.901906
0.97519
0.660212
1.15104
0.800473
0.980872
0.86179
0.685531
0.852601
0.877252
1.27932
1.00952
1.1786
1.33397
0.987269
1.16774
0.735419
0.918212
1.00424
0.940245
0.827861
0.773207
1.13769
0.736388
1.09518
1.0034
0.666188
0.614718
1.23633
0.815895
1.19535
1.22416
0.650371
1.14065
0.955255
1.20564
0.973179
0.958167
1.06685
1.26112
0.84737
1.0221
0.87246
1.14583
0.992738
1.30091
1.13951
1.02046
1.01948
0.830286
0.974541
0.7647
1.06313
1.08734
0.747225
0.773076
1.25129
0.897097
0.925032
0.580174
0.805795
0.748224
0.733063
0.835355
1.00359
0.702722
0.474199
1.00128
0.920022
1.14616
1.09445
1.00169
0.822308
0.898478
1.14329
1.23766
0.86871
0.677777
0.519879
0.506086
0.447096
1.17488
0.81721
1.08517
0.952114
1.14292
1.07741
1.18148
1.15358
0.896904
1.3138
1.10659
0.800728
0.845845
0.72792
0.915247
1.1618
0.990567
0.782537
1.00179
1.04913
1.12395
1.07961
1.09914
0.996589
0.997579
1.13053
0.907268
0.976146
1.08552
0.745571
0.90188
1.22894
0.541589
0.782907
0.769279
0.619705
0.73098
0.837078
1.41151
0.898851
0.743711
0.681304
1.04303
0.807242
1.05447
1.37109
1.17587
0.935604
1.29983
1.0843
0.711121
1.0849
0.616408
0.682291
1.20048
0.668129
1.10657
0.934398
1.0794
1.14801
1.12177
0.988564
0.82249
0.917262
0.780682
1.32672
1.05144
1.04383
0.997364
1.24451
1.26794
0.691226
0.579477
1.18798
1.23563
1.60343
1.03834
0.989371
0.810313
0.836526
1.23657
0.745184
1.35739
1.14059
1.04241
1.06048
1.05396
1.28239
1.28908
1.10325
1.22911
1.20696
1.0978
1.22485
1.23374
1.3202
1.13963
1.11417
0.872208
1.27831
1.05812
1.16285
0.70795
0.746214
0.782066
0.811355
0.969949
0.741206
0.983762
1.11628
0.776708
0.962079
0.583028
0.934341
0.609729
1.15727
1.20886
0.960613
1.21863
1.04811
0.840987
0.546637
0.727609
0.858579
0.674816
0.482266
0.629655
0.886372
1.06153
1.04716
0.915306
0.745534
0.785972
1.10848
1.1494
0.959495
1.20059
1.00504
1.04344
0.994655
1.18783
0.879768
1.13536
0.906586
0.819133
0.840489
0.722743
1.06391
0.795256
0.81904
1.14925
1.20621
0.415486
0.762813
0.547961
0.640641
0.850423
0.819137
0.816819
1.32307
1.13236
0.719097
0.683098
0.887839
0.905366
0.942091
0.98831
1.02449
0.845419
0.88799
0.834818
1.21221
0.759128
0.765246
0.968948
0.873034
1.17875
1.09954
1.17518
1.40643
1.00225
0.661051
0.722217
0.927354
0.933113
1.20918
0.95174
0.66006
0.645674
0.939605
0.572678
0.666813
0.818483
1.08315
1.11082
1.21923
1.08521
1.07316
1.20312
0.833867
0.881781
0.988497
0.978902
0.710487
0.743371
0.801928
0.815279
0.783515
1.13766
0.998301
0.937681
1.13004
0.902442
0.90231
1.32244
1.17468
0.939959
1.13176
1.26022
0.933682
1.03137
1.20258
0.836989
1.26051
0.990295
1.05712
1.06921
1.15586
1.14283
1.27224
0.883881
0.883726
1.45195
1.14978
0.973784
0.778682
1.06432
1.02877
0.847194
0.887988
0.670554
1.05046
1.10498
1.12227
1.10539
0.809848
1.16663
1.28647
0.829824
1.00987
0.935772
0.771864
0.893989
0.765016
1.00593
0.821118
0.915066
1.09449
0.749141
0.547232
0.60463
0.94274
0.945173
1.19463
1.10226
0.905008
1.24029
1.34218
1.05769
1.12739
1.02643
0.881258
0.344517
0.75835
0.751274
1.03016
0.67781
0.585904
0.811304
1.05133
1.10574
0.386152
0.873814
0.904644
1.016
0.844565
1.0193
1.03753
0.921473
1.5471
0.832163
0.79946
1.11116
0.993525
1.08352
1.0181
1.08689
0.64586
0.944705
1.02529
0.80381
1.18144
0.898583
0.835385
0.494237
0.766606
0.928728
0.747457
0.911412
0.701063
0.726457
0.644033
0.891083
0.830325
0.627116
0.686957
0.5776
0.834555
1.08487
0.730593
0.952211
1.06219
1.05664
1.0526
0.710082
0.952675
1.32714
0.863176
1.21816
1.09004
1.00004
0.950076
0.787313
0.883882
1.12362
0.932542
0.886785
1.01209
0.724301
0.565305
1.03828
0.59001
1.16677
1.11257
1.02655
0.894462
0.910594
1.17704
1.16208
1.03851
0.895863
0.68488
0.873183
1.04652
1.09854
1.22481
0.998049
1.05267
0.783874
1.029
0.884789
1.13032
0.942673
0.920259
1.03139
1.11813
0.846788
1.02543
0.965845
1.03495
1.3635
0.75028
0.835035
0.798349
0.93522
0.844517
0.943386
0.810748
0.549602
0.76904
0.837797
0.759479
1.13075
0.798085
0.83062
0.878156
0.918053
0.774223
1.00209
0.990266
0.771558
1.25641
0.95302
1.17271
1.19732
0.934186
0.738316
0.708866
0.562612
0.728594
0.514699
1.28253
0.729248
0.907464
0.864436
1.00403
0.80487
1.38533
0.90508
0.817581
0.969547
0.708272
1.03354
1.13156
1.10332
0.885036
1.07062
0.827048
0.741857
1.22276
0.821487
0.931336
1.10598
0.626495
1.10072
0.983901
1.03616
0.853778
0.936742
0.907327
0.640161
0.73431
0.903313
1.10877
0.961104
1.30053
0.813379
1.04728
0.812003
0.910721
0.811773
0.797174
1.07597
0.937603
0.929858
0.872806
0.823951
0.768525
0.842641
1.11231
0.954738
1.23249
0.894924
0.998225
1.17997
0.954734
0.88725
1.23622
1.2845
0.797239
0.885256
1.12634
1.00283
1.02504
0.90748
0.766419
1.09112
0.83505
1.07778
0.968282
0.710008
1.03443
0.781563
1.02993
0.841428
0.999516
0.770458
0.886911
1.20981
0.934063
1.05997
1.03406
0.737927
0.84443
1.33793
1.15141
1.02924
0.966388
1.17072
1.05484
0.979071
1.23745
1.10344
0.754866
1.09031
1.22339
0.946302
0.68311
0.978821
0.86755
0.64451
1.06409
0.894703
0.786702
1.16603
1.06341
0.887407
0.852357
0.818715
0.799018
1.28596
1.06393
0.954386
1.41324
1.09462
1.06147
1.16087
0.954216
0.795209
0.78735
0.704254
1.10009
0.643841
0.804891
0.892661
0.785714
0.982971
1.12848
1.23332
0.867313
1.04588
0.949746
0.862361
0.728994
0.784421
0.81922
0.873428
1.08429
1.11115
1.10009
1.34316
0.611801
1.07261
1.20833
1.14522
0.973642
0.91232
0.900786
1.2122
0.989658
1.16667
0.92163
0.8608
0.839205
0.8554
0.815793
1.01974
0.786492
1.10624
1.03882
1.01044
0.856805
0.699512
1.03957
0.85642
0.986836
1.10144
0.978645
1.0881
1.27667
1.09177
0.92017
0.914154
0.734537
1.15974
0.973479
1.05242
0.814072
0.893414
1.27945
1.05849
0.995409
0.96193
0.973775
0.852696
1.2901
1.08938
0.956846
1.21795
1.0335
0.831817
0.818061
0.850888
0.960863
0.761254
0.663708
1.14232
1.18481
1.01213
0.813967
1.18899
0.770328
1.32053
0.932428
0.630808
0.830586
0.939938
0.716541
1.13636
0.98144
0.957143
1.07489
0.954424
0.832592
1.10422
0.980209
1.08627
0.972533
0.926517
1.2763
1.32834
0.938679
0.53182
0.577746
0.60756
0.811891
0.754284
1.07268
0.510622
1.20968
0.9711
0.619498
1.05517
0.831551
0.928321
1.06697
1.15405
1.37062
1.1705
0.971832
1.06985
1.00021
0.773247
0.987616
1.06124
0.875177
0.540441
0.76693
0.75807
0.80532
1.10368
0.597861
1.29444
1.20595
0.979517
0.549201
0.943312
0.66814
0.83729
1.13994
0.720875
1.38526
0.904847
0.505494
0.577334
0.977035
0.68587
0.944042
1.07775
1.06925
0.610477
0.927725
0.451079
0.934627
1.00745
0.667921
0.425199
0.736462
0.692101
0.593133
0.744736
0.60667
1.13512
1.11247
1.10354
0.942727
1.05155
0.649418
0.712805
1.04787
1.03641
0.852552
1.13576
1.04906
0.776044
1.32914
0.86073
1.08738
0.660865
0.952542
0.93381
0.613641
0.615242
1.17048
0.437192
0.773022
1.05532
1.15202
0.693685
1.2479
0.894612
0.617166
0.794979
1.06633
1.12201
1.2408
0.707588
1.24906
0.899627
0.908957
0.980671
0.900239
0.991399
1.16248
0.919439
1.07893
1.29857
1.09594
0.779626
1.3323
1.04988
1.01986
1.13941
1.1594
0.845657
0.987054
1.03065
0.934119
1.04981
0.936175
1.01868
0.969246
0.867782
0.836723
0.833244
0.97119
0.999793
0.848417
1.15738
1.1557
1.11325
0.860364
0.863765
0.416243
0.351365
0.510875
0.231179
0.688706
0.655526
0.42369
0.434141
0.706289
0.686953
0.937149
0.690127
0.881677
1.03614
0.648545
0.440021
0.706528
0.638095
0.767208
0.56076
0.839266
0.591427
0.668569
1.28418
0.973117
1.00394
0.960573
1.16957
0.742135
1.02832
1.04981
1.00044
1.19562
1.11324
0.971117
0.744569
0.94953
0.91207
1.02689
1.08697
0.967164
0.907144
1.09463
0.923255
0.872909
0.753104
0.841145
0.90844
0.998501
1.07836
1.42047
0.849039
0.710321
0.717797
1.1275
0.898961
1.07089
1.03312
1.00496
0.790284
0.88959
0.967388
0.922088
1.11368
0.976378
0.867941
0.702349
1.03668
1.06706
0.888912
0.781783
1.05845
1.24085
0.864118
0.975929
1.14857
1.02795
1.26234
0.84558
0.853678
1.04189
0.908
1.03465
0.99873
1.19609
1.18456
1.19439
1.21993
1.29866
1.15527
0.97168
1.12103
0.95497
0.890264
0.75152
0.692673
0.623998
0.798798
1.10124
1.004
1.06293
1.18524
1.05749
0.935289
0.750797
0.936141
1.00418
0.954413
1.23529
1.08038
0.970235
1.02369
0.951267
0.932394
1.11386
1.11186
1.12905
0.908443
1.2318
0.644719
0.692552
1.03435
0.918341
1.18586
1.04028
1.1279
1.24427
1.30096
0.968901
0.971735
1.26642
0.793617
1.27418
0.728144
0.762303
1.23955
0.635938
1.0757
1.01776
1.31539
0.829864
1.04222
1.01315
1.26079
1.26885
1.26607
1.0383
1.03771
0.726541
0.41801
0.324429
1.05845
0.809334
0.806997
0.773754
0.802971
0.672994
0.657452
0.753243
0.900253
0.759297
1.0802
1.04327
1.35599
0.656783
0.755793
0.94439
1.13525
0.819662
1.06941
0.970979
1.06172
0.925312
0.910224
0.993795
0.942584
0.59049
0.672849
1.11694
0.441435
0.806118
0.512275
0.762591
0.727425
0.518387
0.83121
1.11537
1.17878
0.541646
1.04517
1.0686
0.996011
0.8769
1.37807
0.977497
1.09055
1.07163
1.02356
0.866397
1.0992
1.20872
1.44527
0.791445
0.801089
0.97
0.987947
1.29668
0.766341
0.738101
1.47895
1.38495
1.16562
0.871605
0.989584
0.688156
0.920604
0.66795
0.804512
1.03339
1.0779
0.96593
0.885465
0.722588
0.881966
1.27562
0.769386
0.827922
1.12426
0.880446
0.712224
0.896707
1.26207
0.926747
1.14593
0.776863
0.851268
0.622133
0.854156
0.617153
0.797792
1.08991
1.45358
0.9321
0.730243
0.71333
0.816972
0.995767
1.19491
0.594767
1.32709
1.23684
0.919272
0.826821
1.27033
0.857587
0.700875
0.773358
1.17545
1.28025
0.702287
0.917593
1.01288
0.806222
0.402492
0.686378
0.841149
0.888597
1.07213
0.786299
0.655801
1.06052
0.97159
0.425269
0.960556
1.16308
1.19968
1.02765
0.462242
1.13916
0.837037
0.515065
0.868741
0.703488
0.81011
0.930872
0.875766
0.935824
1.04516
0.508203
0.812647
1.3739
1.01071
0.838635
0.707918
0.550669
0.710828
0.757896
0.852281
0.50816
0.622882
0.741526
0.921604
0.549965
0.584237
0.611637
0.552192
0.813684
0.671453
0.629329
1.12739
1.22994
0.832908
0.989254
0.710588
1.10928
1.02354
1.20634
0.825839
1.07508
0.884441
1.13058
0.957058
1.04245
1.17516
1.10803
1.21468
1.40317
1.02386
0.725803
1.09947
1.05361
0.955388
1.34012
1.25503
0.946453
0.761735
1.346
1.19766
1.24731
0.858267
1.22633
0.861957
0.854005
0.590833
1.1436
1.18487
1.0325
1.23619
1.31305
1.16548
0.912425
0.808296
0.77316
0.753393
1.49807
1.08026
0.991565
0.867337
0.43805
1.09393
0.759066
0.995874
1.16907
1.08871
1.30429
0.934518
1.06035
0.806606
1.12212
0.992608
0.965289
0.939362
1.04136
0.747392
0.767122
0.509877
1.07746
0.540783
0.977636
1.20952
1.01975
0.84845
0.768658
0.649899
0.845499
0.694676
1.23959
0.993871
0.921006
1.02831
0.931917
1.25047
1.17491
0.768145
0.989428
1.01261
0.988918
0.835766
1.08291
0.681688
0.800939
0.991667
0.847472
0.95378
0.910448
0.840284
1.07742
0.603826
1.06098
0.860879
1.03261
1.0434
1.22676
1.19888
0.825725
0.766129
0.778869
1.21158
0.786055
0.80067
0.890203
0.650655
0.985926
0.885257
0.95141
1.41066
1.13612
0.883495
0.632726
0.932494
0.798782
0.778357
0.772847
1.25622
1.15378
0.978003
1.17459
1.11811
0.736457
0.812324
0.500024
0.732397
1.11833
0.788549
0.806807
0.783774
0.9569
0.865373
0.816536
0.923025
0.596683
0.878362
0.712206
0.899245
0.938911
0.921117
0.59259
0.530218
0.736752
0.898192
1.08432
1.07743
1.0605
0.995033
0.769933
0.659836
0.723791
1.1491
1.01578
0.889044
1.37256
0.823647
0.905896
0.849448
0.758166
1.19328
1.21042
0.978613
1.02092
0.783041
0.48432
0.562539
0.3982
0.877815
0.761545
0.84001
1.07636
0.813714
0.4653
0.865603
0.456288
0.510176
1.25249
1.07007
1.33397
1.21979
1.32927
0.965771
0.811092
0.963702
0.992172
1.22544
1.04441
1.18843
0.99056
1.01258
0.894743
0.714179
0.579303
0.635003
0.372176
0.469293
0.795705
0.663609
0.471105
0.765458
0.729895
0.768141
0.691901
1.05964
1.22619
1.15655
1.08889
1.066
1.04292
1.04724
0.812131
0.942344
1.26267
1.24775
1.05105
1.23379
0.700473
0.973321
0.777499
0.970579
0.91426
0.729079
1.03335
1.01659
1.00359
0.938597
1.10278
0.850237
0.958245
1.15091
1.07268
1.14291
0.759896
0.966556
0.699393
1.09518
1.02661
1.30229
1.02218
0.898667
0.998504
1.06071
0.552741
0.774408
0.873504
1.08762
0.927496
0.904472
0.746328
0.835174
1.28963
1.22739
0.860795
0.639837
1.062
0.439134
0.780723
0.840919
0.930045
1.00368
0.962958
1.24153
0.931395
0.73886
0.902109
0.644016
1.02426
0.702853
0.582384
0.935648
0.889936
1.0277
0.711806
1.19627
1.4332
0.995426
0.839172
1.20051
1.24121
1.23556
1.01354
0.587774
1.07119
1.00509
0.832442
0.954999
1.34369
0.783339
0.711245
1.03143
1.07067
0.594894
1.21423
1.09804
1.08675
0.986121
1.17334
0.764929
0.869231
1.0491
1.10972
1.01222
0.780892
0.935046
1.05767
1.03889
1.1801
1.08291
0.898667
1.23086
1.19712
1.06982
0.924599
1.0109
1.16887
0.881691
0.928243
1.00275
0.88741
1.09112
0.923043
1.05714
1.10434
0.911386
0.817552
0.417678
0.812074
0.633877
0.92181
0.519677
0.787392
0.745827
0.526534
1.11699
1.03999
1.07689
1.05783
0.78401
0.766149
0.820265
1.06033
0.853877
0.83758
0.889878
0.458293
0.699415
0.415297
0.772299
0.903751
0.80992
1.20153
0.679008
0.949221
0.717611
0.819766
0.671467
0.720953
0.561131
0.824252
0.883477
0.733759
0.73624
1.09292
0.924348
1.29173
0.812297
1.20849
0.913024
0.532189
0.973241
0.986592
1.0437
0.996986
0.726212
0.502847
0.946717
1.28347
1.33398
1.07195
0.869129
0.896659
0.865306
0.652564
0.833721
0.574088
1.01607
0.841023
1.02972
1.23807
1.19064
1.18833
0.68317
1.06611
0.909671
0.874354
1.13693
0.992926
0.974657
0.822714
1.28399
1.12716
0.907908
0.994484
1.35789
1.28507
1.1155
1.08292
1.1546
0.928309
1.03573
1.10845
0.97986
0.906565
0.497684
0.5741
0.685533
0.811159
0.70142
1.18712
0.86681
0.557497
1.00778
0.459095
0.878878
0.778226
0.659233
0.586664
1.15595
0.951728
1.0199
1.0299
0.842523
0.832465
0.720977
0.712653
0.993228
1.16829
0.971491
1.03755
1.26334
0.9261
1.15514
1.15089
0.64798
0.789206
0.571626
1.01975
1.08692
0.868284
1.00179
0.797209
0.859352
0.810043
1.15302
1.28051
0.813184
0.984908
0.935214
0.839903
0.765411
1.11734
0.944457
1.30621
0.93677
0.665553
0.932367
0.697302
0.972126
1.11051
1.31251
0.991007
0.933423
0.914026
1.22375
1.11061
1.26827
0.975162
1.19676
0.698537
0.872814
0.529698
0.576224
0.700739
0.967109
0.813757
1.2872
1.05232
0.882766
0.69212
0.71594
0.750382
0.942588
0.70599
0.584876
0.429212
0.542581
0.887222
1.17949
1.14553
0.69808
0.899295
0.946782
0.88147
0.882382
0.626607
0.865546
0.653779
0.445488
0.974585
0.628911
0.947553
0.862275
0.767196
1.038
0.879311
0.944198
1.03155
0.692387
0.898529
0.916586
0.950069
0.679536
0.869763
1.15191
1.16116
1.13118
0.687111
0.999237
0.925965
1.17266
0.78312
1.10988
0.778522
1.33828
1.24065
1.12968
1.03227
1.03213
0.992238
1.11852
1.04178
1.27118
1.1384
0.766902
0.998503
1.04878
1.01303
1.00417
1.03571
0.985493
0.819834
0.791556
0.680513
1.05056
1.08663
0.93035
1.05746
0.71004
0.863248
0.765495
0.989217
1.08026
1.18454
1.36282
1.06245
1.27793
1.01011
1.31613
1.01351
1.13871
0.93858
0.896269
0.882305
0.885973
0.982294
0.993906
0.981475
0.772668
1.04712
0.780979
0.906612
0.859695
0.923793
0.5704
0.98594
1.04203
0.731884
0.88125
0.783707
1.09243
1.05014
0.874277
0.702637
1.02567
1.11845
0.72379
0.950873
1.25489
0.714496
0.813068
1.15532
0.89766
0.738943
0.660858
0.988803
0.924242
0.633861
0.69715
0.930148
1.22385
0.779897
0.968079
0.839872
0.694996
0.965199
1.11435
0.693239
0.921123
0.706173
0.833333
0.940363
0.663956
0.983196
0.872855
0.804013
0.934745
0.861292
0.869794
0.809809
0.688369
0.82161
0.889674
0.798918
1.14569
1.07673
1.42633
1.02257
0.808469
0.769291
0.826296
1.16646
0.996831
1.21073
1.06363
0.818418
1.20341
1.16751
0.572466
0.904001
1.28935
1.1004
1.34103
1.10757
0.634425
0.837751
0.965521
0.992286
1.11718
1.17572
0.847159
0.911903
0.759721
0.616423
0.907484
0.848332
0.585225
0.881188
0.798575
1.16859
0.92076
1.14157
1.00167
0.777089
1.18655
1.36334
1.04526
0.725543
1.23901
0.875576
0.828601
1.21932
1.06735
1.16623
0.647461
0.645989
0.828479
0.908259
0.999496
1.15023
1.08362
1.31837
0.798763
1.06579
1.15064
1.02253
1.02924
0.95579
1.1732
1.13104
1.0029
1.312
0.979779
0.808071
1.07056
0.951671
0.786433
0.779577
0.903443
0.789415
0.462199
1.12401
1.28017
0.613616
0.988885
1.11026
0.947345
0.84521
0.944367
0.807149
1.09155
1.08015
1.30034
1.21717
1.11683
0.847565
0.669838
0.843962
0.877421
0.625875
0.848307
1.0716
1.04092
1.17108
0.879978
0.77818
0.78151
0.892201
1.18936
0.731575
0.773696
1.02703
0.950553
0.949799
0.805581
1.112
0.841385
1.0201
1.39491
0.995531
0.96057
1.07824
0.910543
0.89083
1.04307
1.14822
0.933967
0.978316
0.835241
0.941916
0.598881
0.543005
0.616462
1.31949
1.02544
1.33517
0.748568
1.08741
1.10821
0.923729
0.962162
0.681412
0.785638
1.00643
0.947029
0.768531
0.891506
0.849573
1.07034
0.823938
1.20673
0.890368
1.09801
0.641109
0.892103
0.931091
0.812039
0.962441
0.654605
0.766239
0.88313
0.611347
0.432893
1.24072
1.18155
0.902915
1.17458
1.28228
1.00465
1.01068
0.638516
0.644996
1.09578
0.69006
0.890281
0.778214
1.01893
0.936692
0.918773
0.87044
0.943106
0.938366
0.884404
0.990594
1.06505
1.17221
1.21376
1.49815
0.903897
0.533089
0.696899
0.960669
1.19317
1.09415
0.886756
1.1128
0.976351
0.983644
0.680545
1.0772
0.814838
0.719778
0.893135
1.10657
0.832032
0.694965
0.198552
0.772029
0.5841
0.722934
0.643564
0.83664
0.985266
0.57702
1.25266
1.31407
1.16325
0.923526
0.997064
0.842202
1.03955
0.844846
0.852776
0.846777
0.564674
1.10877
0.509501
0.562064
1.00496
0.50909
0.79561
0.743057
0.854525
0.701828
0.646095
0.829405
0.758259
1.1436
0.954685
0.858222
1.05118
1.23318
1.08784
0.524305
1.18752
0.7149
1.11555
1.15012
1.23359
0.825856
1.41037
0.817569
0.788486
1.0292
0.849875
0.910145
0.971253
0.909628
0.750852
1.13456
1.14087
0.996062
1.1258
1.00815
0.510568
0.841086
0.477861
0.471406
0.709805
1.08229
0.919962
0.744377
0.843758
0.520025
1.06524
1.26848
1.14745
1.1729
0.861543
0.632123
0.797317
0.797681
0.598533
1.14442
0.986869
0.972045
1.0214
0.807812
0.821747
0.72362
0.901334
1.26634
1.00162
1.08385
0.841223
1.18853
0.658972
0.583474
0.655038
0.824575
1.1603
0.87097
0.672757
1.02707
0.636182
0.669174
1.12741
0.710637
1.01334
1.37485
1.22836
0.90897
0.916327
0.709138
0.915163
0.876302
1.12383
1.35132
0.877667
0.882522
0.755065
1.1445
1.10908
0.853108
1.31029
1.06377
0.842075
0.845037
1.01617
1.05064
0.868369
0.813015
1.20101
0.853883
0.899035
0.785563
0.526637
0.968779
1.12668
0.739291
0.649793
0.704646
0.718015
0.968314
0.924646
1.00165
1.01293
0.966364
0.841723
0.819443
0.874339
1.20569
0.685723
0.677463
1.0768
1.02713
0.814896
0.828183
0.735166
1.01036
0.960006
1.05595
0.829037
1.04376
1.06686
0.821574
1.12707
0.895926
0.977817
1.08287
1.0626
0.893983
0.85884
1.0798
0.831079
1.06491
0.886665
0.817479
0.860504
1.20198
0.891623
0.557362
0.949176
0.866124
0.909761
0.513411
0.463149
0.644964
1.05952
0.76047
0.661595
0.748819
0.881491
0.644488
1.05194
0.960144
0.911997
1.19446
0.953951
0.792128
1.18247
1.00624
0.951887
0.938798
0.667733
1.34539
0.848175
0.797647
1.29355
0.929786
0.911607
1.09035
0.90597
1.09904
0.998935
1.10076
0.893108
0.884761
1.0068
1.29491
1.34901
1.03063
0.909091
1.11906
0.837654
0.969609
1.03619
0.887555
0.758471
0.804344
1.16877
1.13101
0.998634
0.90035
0.869079
1.10457
0.888343
1.38306
0.966627
0.851218
1.09257
0.916951
0.906629
1.1032
0.905221
1.13413
0.572803
1.23301
1.17232
0.875424
0.929253
0.897969
0.852684
0.755913
1.09795
0.839722
1.04608
0.948068
0.654513
0.678322
1.09814
1.05262
1.37103
0.718123
1.16613
1.25508
1.04261
1.16808
0.845289
1.25344
1.28027
0.8266
1.21602
1.20298
0.677165
1.06475
0.547712
0.915135
1.16745
0.779655
0.747432
0.742856
0.793513
0.802464
1.00629
1.2602
0.919404
0.882154
1.05173
1.12425
0.600662
0.955231
1.13288
0.681924
0.840658
1.22375
1.22784
0.84352
0.984293
0.975495
1.00433
0.6568
0.93844
0.886467
0.71859
0.624689
0.75362
0.910205
0.755926
0.780982
0.819762
1.16251
1.15555
0.580194
1.05056
0.724159
0.949881
0.848206
1.16116
1.17281
1.00823
0.936907
0.95912
0.821778
1.04104
1.02617
0.548676
0.747941
0.724917
0.89103
0.970602
1.19098
1.38766
0.650789
1.24391
0.757018
1.28835
1.50248
0.883095
0.776936
0.775314
0.847389
0.595477
1.18941
1.10266
1.10596
0.685569
0.727231
0.831477
0.883119
1.34683
0.864688
0.732691
0.839926
0.918901
1.04972
0.938826
1.15584
0.882413
1.0161
0.818231
0.933933
0.723947
1.02008
0.610517
1.38882
1.26845
0.987405
1.17355
1.13223
1.25264
0.968498
1.08771
0.861344
1.2025
0.89072
0.6895
1.25654
1.2384
1.10179
1.01083
1.04114
1.17667
0.740781
0.420856
0.654003
0.547235
0.713569
0.793565
0.917157
0.78806
0.625686
0.685028
0.623901
1.0003
1.3198
0.474483
0.885321
0.980956
1.0637
1.06695
0.850301
1.00257
1.04226
0.53896
0.618153
1.10918
0.957105
0.705239
0.991712
0.887711
0.880665
0.966203
0.885764
0.379306
0.376571
0.698355
0.773938
0.765121
0.788218
1.04365
0.883775
1.1955
0.419266
1.06766
1.15819
1.30906
0.891307
0.78127
1.05689
0.879271
1.33921
0.974342
1.38377
0.709417
0.837747
0.931817
1.23209
0.938745
0.447443
1.00761
1.12491
0.815964
0.540744
0.910392
0.638899
0.969376
1.1497
0.823072
0.969572
0.961369
1.15479
1.08258
0.916916
0.663494
0.859831
0.961642
0.751258
1.20254
1.01957
0.974853
1.09388
1.01999
0.645079
1.15094
0.958492
0.691936
0.603804
0.856314
1.0342
0.901335
0.707392
0.964612
1.25499
1.0774
1.08333
1.07721
1.06287
0.785268
0.796476
0.772603
0.982058
0.719961
0.899729
1.13935
0.983648
0.771612
1.27595
1.02361
0.853831
1.06053
0.79021
1.2689
0.956951
1.26507
1.05305
0.811399
0.985835
1.01598
1.14336
1.14152
1.17815
0.856069
1.18542
0.784665
1.03114
0.997346
0.817744
0.834637
1.12912
0.728511
0.915452
0.596231
0.584377
0.728899
0.957164
1.00445
0.721074
0.594593
1.28452
1.30597
0.982272
1.34162
0.678284
1.21484
0.888389
1.05649
1.1431
1.27621
0.84503
0.870802
0.733245
0.738424
0.934174
1.17585
1.12283
0.778339
0.743691
0.670908
0.860613
1.16678
1.17951
1.31416
1.13666
1.04604
0.936732
1.07737
1.0458
0.926879
0.825846
1.11776
1.14041
0.998162
1.04976
0.762541
1.02756
1.05156
0.912136
0.948633
0.743994
1.39945
1.0819
0.928256
0.936481
1.03705
0.919803
0.77802
0.851215
0.892096
0.753375
1.09422
0.956677
0.786041
1.10025
0.813465
0.525102
0.453622
1.04944
0.928649
0.84199
1.12412
0.937349
0.934912
0.939581
0.582127
0.72412
0.841232
1.02359
1.07354
1.07621
0.886911
0.701372
0.988918
0.939166
0.38118
0.737717
0.971022
0.775891
0.982815
0.840273
0.982301
1.12664
0.599855
1.1812
0.432507
0.977763
1.07249
1.19296
1.22882
1.05775
1.21046
0.925395
0.730661
0.688457
1.10791
1.23741
0.982859
1.03284
1.18219
1.13124
0.740123
0.992175
0.778584
0.884208
1.00957
0.669735
0.429919
0.953261
0.851059
1.12874
1.10902
0.688839
1.03693
1.00219
1.00637
0.942864
1.2356
0.995947
0.91894
1.01445
0.650783
0.857854
0.851876
1.01112
0.747696
0.780893
0.519372
0.808601
0.938515
0.976095
0.973467
0.968438
1.03729
0.818304
1.03147
1.00536
0.970703
1.14064
1.48391
1.15688
0.971696
1.12012
1.04477
0.677002
0.954544
1.16101
0.996169
1.03922
1.01967
1.06801
1.04007
1.15894
1.17497
1.38861
1.03245
0.99025
0.659223
0.843714
1.05714
1.03308
0.856461
1.16755
1.1947
0.933117
0.760868
1.14976
1.0685
0.995454
1.24625
1.04912
0.95313
1.205
1.10785
0.872375
0.720838
0.855861
0.913427
0.958516
1.03512
1.22276
1.18882
1.15094
1.04718
0.952917
0.380346
0.724767
0.715645
0.814013
1.06024
1.01065
1.16368
0.765769
0.983714
0.936361
1.00412
0.740396
0.933107
1.1073
0.919705
1.02034
1.20694
1.17026
1.16996
1.21169
0.739039
1.25857
0.886722
0.955356
0.967474
0.82619
0.732441
0.884009
0.833364
0.644498
0.815224
0.999573
0.938081
1.43774
1.19527
0.68792
1.04371
1.01352
0.924678
1.0315
0.890128
1.07262
0.695269
0.993112
0.709448
1.15505
0.640315
1.02025
1.04047
1.22149
0.833319
1.25727
0.933145
0.616004
0.821779
0.969623
1.10646
0.826609
0.878657
1.14017
0.588641
0.391914
0.588896
0.649565
0.967912
0.675247
0.582582
0.554115
0.427037
0.566977
0.673138
0.84271
0.923098
1.04661
0.80184
0.815619
0.904592
0.806229
0.823847
0.97124
0.933885
0.894155
1.48558
1.06165
0.854173
1.05754
1.14103
0.982996
1.15994
1.55561
0.73258
0.431285
0.794524
0.811337
0.821548
1.06073
0.930649
0.831631
1.03849
0.713758
1.07086
0.876929
1.27125
1.02239
0.989499
0.853339
1.02911
0.757755
1.05309
1.13773
1.20365
1.21525
0.843231
0.702188
0.705906
0.837855
0.959198
1.0144
0.808453
0.872217
1.05934
1.02899
0.907009
0.732905
0.682006
1.24791
0.877524
1.15067
1.16924
1.01103
0.816795
1.07017
1.09531
1.18353
1.33863
1.33261
1.32186
0.969628
0.767914
1.07099
0.998843
0.840818
0.784354
0.842668
0.674617
0.805607
1.07629
0.828663
0.98461
1.00273
0.724544
0.839711
1.08041
0.634442
0.857667
1.18868
1.14831
1.33743
0.946568
0.98537
1.05824
0.644131
0.700336
1.05183
0.816454
1.21564
0.96475
1.1422
0.958369
1.20669
1.12159
1.12242
1.06646
1.12709
0.982864
1.30542
0.867526
0.629749
0.581118
1.05713
0.465234
0.50124
0.40256
0.893661
0.72186
0.830718
0.481768
0.965308
1.17999
0.840435
1.13526
0.637801
1.12489
1.15055
1.17354
1.15931
1.06768
0.979122
1.17701
0.943889
0.852576
0.92627
1.09351
1.11478
0.705242
0.954001
1.03254
0.780275
0.641773
0.704831
1.0169
0.587676
0.983637
1.09727
0.934226
1.02789
0.917825
0.87583
0.82266
0.952803
0.982601
0.425991
0.59395
0.522301
0.613773
0.797899
0.656116
0.802413
0.881249
0.614426
0.8018
1.12664
1.23255
0.985951
0.811117
1.15292
0.796774
0.979677
0.954411
0.343901
0.927912
1.00988
1.04704
0.920603
0.793152
0.571723
1.19847
1.23344
0.958759
0.948948
0.614621
0.785244
1.00614
0.57866
0.592957
1.0346
0.708728
0.826125
1.00097
0.532228
0.548696
1.00092
0.97714
1.03427
0.984454
0.913082
0.904868
1.0627
1.06379
1.01887
1.10057
0.781359
1.07817
0.713697
0.923791
0.966334
0.69623
0.764515
0.999704
0.687375
0.785662
0.943661
1.06856
0.853364
1.02299
0.840428
1.1903
1.11415
0.831785
0.747744
1.04206
1.25246
0.970257
1.06496
0.630145
0.741908
1.17662
1.19539
0.989365
0.444525
0.791205
0.919865
0.946586
1.27836
0.782309
0.968165
1.06718
0.985802
1.03898
0.548778
0.798719
1.14019
1.06165
0.848942
0.602562
0.698759
0.768018
1.07881
0.767692
0.856342
0.865947
0.834977
1.17012
1.13846
0.921177
0.995688
0.712913
1.10179
1.07888
0.867193
0.641336
0.474861
0.657516
0.814354
1.01444
1.03232
0.879961
0.865967
1.02122
0.900987
0.837961
0.957585
0.836325
0.548612
0.503471
0.899552
0.905335
1.26279
0.908574
0.881577
1.05364
1.06478
1.27772
1.15924
0.960744
0.703198
0.826244
1.01914
0.718642
1.1378
1.36904
1.05752
1.27392
1.08516
0.863963
1.13323
0.97918
1.28108
1.1185
1.20605
0.40998
0.746287
0.412736
0.734661
0.598936
0.565795
0.720974
0.571039
0.851139
0.536586
1.25713
1.19509
1.2398
0.749161
0.862454
1.03392
1.22196
1.02655
0.972449
0.898769
0.549683
0.832628
1.27127
1.13482
0.906834
1.01499
1.24688
0.831581
0.931229
1.00195
0.932517
1.33094
1.20296
0.673267
0.694953
0.811141
0.864312
0.75565
0.610056
1.39466
1.0706
0.840779
0.86801
0.529161
0.79428
0.556097
1.17674
0.72056
0.946976
1.23947
1.1748
1.07094
0.761775
1.17218
0.518758
1.17602
0.976453
0.581789
0.840527
1.07827
1.32798
1.20432
1.51065
1.05191
1.15629
1.18448
0.846637
1.27628
0.953915
1.11905
1.0803
0.865505
1.01468
1.02974
0.967911
1.04161
0.879771
0.958367
0.800132
1.32875
0.740522
0.535579
0.591578
0.591012
0.887009
0.900319
0.784702
1.07073
1.03447
0.518441
1.20519
0.715908
0.961014
0.954173
0.648355
0.881182
1.10997
0.948506
0.775655
0.965614
0.794196
1.07849
0.914295
0.779148
0.786479
1.09095
1.06165
0.832265
0.788685
0.609482
0.996937
0.918639
0.874437
1.04694
1.32799
1.11281
1.00827
0.859019
0.894104
1.09537
1.04469
1.44918
0.885747
0.850462
1.08771
1.05658
1.03943
0.677246
1.01257
0.968429
0.447852
1.06208
1.09289
0.866903
1.06487
1.05655
1.02432
0.858503
1.0742
0.506536
0.586839
0.643084
0.761448
1.03055
0.831233
0.889778
0.825551
1.10838
0.85849
1.28363
0.968924
0.98494
1.23398
0.986182
0.978437
1.28301
0.927251
0.968736
0.839027
0.62761
0.94253
1.02172
1.2537
1.17137
1.05768
0.778557
0.679413
0.97131
0.97672
1.12177
0.992741
1.07305
0.987791
1.11472
0.810449
1.27773
1.25054
0.958459
1.12964
0.71157
0.315696
0.559858
0.640296
1.12819
0.745115
0.795182
0.89739
0.413259
0.807271
0.411514
0.653095
0.773264
0.719169
0.748569
0.880545
0.970331
1.15144
1.09899
0.71443
0.759495
1.0293
1.12745
1.15253
0.970173
1.19881
0.658349
1.18299
0.907745
1.24099
1.11713
0.906557
1.13409
0.820956
0.898931
0.770831
1.23663
0.951505
1.24445
1.09092
1.12577
0.769504
0.398623
0.601162
0.722409
0.755378
1.16661
0.918328
1.06173
1.11238
0.740589
1.01348
1.08205
1.25134
1.07266
1.04623
1.0651
1.17655
0.719039
1.09227
0.877513
1.17472
0.876395
1.18017
0.790695
0.696141
0.899071
0.95371
1.02477
0.546321
0.92804
0.970955
1.19658
1.23786
0.997757
0.519397
0.883216
0.904479
1.07511
1.08534
0.982042
1.09008
1.00927
1.18259
0.46519
0.986148
0.973084
0.719734
0.715518
1.06765
0.871263
1.24121
1.13294
1.04144
0.988808
0.996928
1.03275
1.07258
1.46923
1.2635
1.01177
0.707864
0.511269
1.17979
1.27184
0.907743
1.09438
1.1494
0.884077
0.923007
0.587665
1.23791
1.0526
0.900589
0.790914
0.959969
0.975735
1.10363
1.32727
1.28219
0.8286
0.873722
0.74953
1.14837
1.04907
0.788835
0.837484
0.93166
1.01547
0.81659
1.06021
1.02138
1.14905
0.946156
0.909978
1.22892
0.971065
0.904761
0.868036
0.90391
0.986076
0.974776
0.935818
1.01826
1.17774
0.945279
0.759792
1.04985
1.18171
0.821782
1.1326
1.13046
1.01066
0.672726
0.736692
0.580703
1.0043
1.24415
0.773263
1.00149
0.924699
1.10384
1.331
0.796655
1.11626
1.07021
1.04043
0.774129
0.80883
1.14222
0.820281
0.83313
0.899699
1.03284
0.844208
0.966141
1.0736
1.32651
0.799816
0.741228
0.889719
1.23295
0.912847
0.979046
0.930066
1.02125
0.783585
0.648858
0.85977
0.909988
1.16331
1.0319
1.00084
0.637506
0.980299
1.04317
1.16313
1.23731
1.26979
0.875243
0.75855
0.860066
0.723523
0.807387
0.644313
0.934846
0.707937
0.795156
1.12481
0.802928
1.24849
0.883947
1.15597
1.16854
1.0896
1.04167
1.11428
0.979814
0.899141
1.32575
1.05857
0.86906
0.810905
0.846155
1.14712
1.20699
0.989495
0.890325
1.09141
1.12853
0.621532
0.804889
1.18062
1.2539
1.0993
0.902731
1.10543
0.715999
1.19449
0.935972
0.827961
0.58976
0.901536
1.09507
1.07881
1.1299
1.04583
1.1407
1.23419
0.842849
0.383362
0.852174
1.07808
0.744074
0.946005
0.938725
0.8386
0.985241
0.876921
0.94288
0.837776
1.01069
0.583195
1.10874
0.932079
0.95228
1.04208
0.808322
0.945597
0.930317
0.607595
1.09029
0.998946
0.901475
1.05422
1.27602
1.0304
1.09115
0.905357
0.943137
1.15621
0.75575
0.550027
0.775637
1.00737
0.863137
1.16422
1.43154
1.36279
1.03328
0.723021
0.536648
0.826249
0.811812
0.4625
0.448079
0.917778
0.438478
0.794998
0.656548
0.628389
1.0044
0.553639
0.68364
0.594415
0.593364
0.691539
0.846643
0.975054
1.21991
0.748651
0.909872
0.701438
1.26082
0.97337
1.04098
0.849522
0.703817
1.12897
0.799768
0.75728
0.913974
1.05637
0.941704
1.05283
1.16669
1.38505
1.11262
0.932203
1.40644
1.29709
0.921525
1.25955
0.954658
0.824414
0.650115
0.845147
0.724544
0.773865
1.03849
1.15926
0.565718
0.829294
1.00672
0.372008
0.649936
0.812357
0.845558
0.833069
0.787257
0.794344
0.222187
0.705563
0.698036
0.629665
0.785587
1.13152
1.06182
1.16551
0.96102
0.284819
0.52796
0.961253
1.0657
0.928294
0.868006
0.994739
1.19638
0.878996
0.953133
0.969536
0.648682
0.951354
0.770849
0.788537
0.919863
0.720125
0.543988
1.0137
1.02413
0.577249
0.897352
0.796306
0.75012
0.900003
0.521137
0.770498
0.700407
0.760801
1.09815
0.894261
0.914505
0.940583
0.806598
0.83427
0.922989
1.07352
1.1049
1.12419
1.10127
0.964313
0.706793
0.978051
1.15498
1.05092
1.20754
1.16988
1.26536
1.09518
1.13649
1.04813
0.600229
0.530586
0.824114
0.707178
1.03534
0.816494
1.00419
0.834402
1.25888
0.816575
0.966509
1.00652
1.04108
1.00112
0.707391
1.14494
0.90357
0.967501
1.16224
1.06918
0.57033
0.729063
1.25022
0.963495
0.873734
0.685136
1.09225
0.936097
1.01741
0.71851
0.988909
0.871429
0.954278
1.25061
1.13732
0.710758
0.821011
1.04287
0.964249
0.993682
0.734174
1.17273
1.28457
0.963301
0.780937
0.967121
1.19711
0.89145
1.02965
1.23181
0.602082
0.808793
0.966024
0.920195
0.924679
0.943443
0.910013
1.19343
0.958815
0.575776
0.866683
0.923392
0.98105
0.825598
1.06833
0.905287
0.556221
0.842212
0.806099
1.17524
0.809092
1.02774
0.836916
1.11257
1.1037
1.25378
0.956849
1.25178
1.21837
0.996406
1.33322
1.22748
1.04263
1.06354
1.33646
0.784983
0.762277
1.07579
0.922692
1.12824
0.350644
0.41493
0.469647
0.875265
0.761969
0.585481
0.100896
0.508876
0.788566
0.605803
0.737708
0.807669
0.710859
1.40256
0.81492
0.649374
0.666494
0.927212
0.905794
0.868235
0.9624
0.612166
0.822
0.57349
0.700528
0.607863
1.11402
0.835193
0.938568
0.61058
0.769715
0.786582
0.696794
0.892201
0.68577
0.826057
0.843022
0.621853
0.938145
0.339418
0.639465
0.612302
0.681878
0.855953
1.29925
0.934272
0.635081
0.903486
1.08973
0.341717
1.02593
1.28091
0.805069
0.930693
0.85426
0.953677
0.841338
1.09976
0.758915
1.09783
0.827263
1.29708
0.806597
0.748792
1.03448
0.961182
1.15169
0.801871
1.06141
0.837143
0.875932
1.0918
1.05776
0.947396
0.733491
0.742293
0.87228
0.878469
0.76361
0.713277
0.719047
0.93999
0.841637
0.90083
0.990349
1.01594
0.965451
0.976913
1.28844
0.84865
0.998054
1.03565
1.32562
1.11047
1.2231
1.25554
1.05032
0.659567
0.742755
0.522326
0.991789
0.736131
1.20739
0.773781
0.864422
0.805648
1.06691
0.74588
1.01091
0.656659
1.02717
0.713144
1.10801
1.0385
0.968912
1.02655
1.18461
0.870856
1.35055
0.788465
0.975728
0.943568
0.585809
0.735397
0.83694
1.12063
0.984137
0.850205
0.958074
0.500704
1.36848
0.853985
1.06214
0.56569
0.989365
0.857131
1.27541
1.38562
1.16886
1.11764
1.15767
0.96979
0.677062
0.504309
0.853338
1.0555
0.603412
0.796717
0.926228
0.950147
1.03769
1.2421
0.819817
0.8008
0.898755
0.887446
1.01028
1.3138
1.15574
1.16159
0.77738
1.13998
0.905776
0.814344
0.987714
0.725616
0.542941
0.748599
0.803728
0.731236
1.15197
0.790997
1.25428
0.878482
0.850531
0.587659
1.05544
0.525888
0.787421
1.05123
0.784612
1.12252
1.16019
1.03669
0.724024
1.26279
0.970156
1.08728
0.921201
1.32606
1.15465
1.17967
0.866281
0.925363
1.00911
1.00071
1.23507
0.884377
1.29811
0.919727
1.46028
1.14151
1.11317
1.2118
0.964196
1.22549
1.27836
1.08048
1.3635
1.09946
1.00959
0.960263
0.63959
1.26828
1.09231
1.13015
0.832542
0.94666
0.910711
0.778033
1.40538
0.898737
0.977761
1.16128
1.50732
0.88978
1.02812
1.23224
1.37872
1.00343
0.761726
1.02279
1.12233
0.924463
1.45046
0.880986
1.28453
0.962312
1.09397
0.732136
0.61485
0.931272
1.00613
1.02864
0.769054
1.32772
0.911715
1.25754
0.993768
0.646968
0.569243
1.03539
0.721444
0.813434
0.82045
1.18159
0.923112
0.612258
1.01931
0.598466
0.943748
1.18918
1.08163
0.819648
0.754353
0.780407
0.883456
0.761114
0.907415
0.802421
1.03181
0.686743
0.925912
1.00117
0.917173
0.912869
0.281034
0.800556
1.00441
0.942356
0.796499
0.931638
0.991636
1.03972
1.32327
0.952055
0.769999
0.601821
0.942593
0.83014
0.986634
0.727348
0.719558
1.09436
1.26356
0.681706
1.17131
1.04423
0.900208
0.831724
0.886615
0.524558
0.75843
1.12237
1.05645
0.689343
0.673787
0.657417
0.94133
1.20631
0.701794
1.3064
1.20176
0.826449
1.40214
1.26933
0.68546
0.907595
1.15318
0.920288
0.83856
0.71309
1.02469
1.01721
0.595965
0.714283
1.17451
1.16348
0.964312
0.573338
1.2345
0.986681
1.00438
0.804305
1.17677
1.22015
0.994983
0.948357
1.10614
0.823446
1.09218
0.950011
0.955056
0.974128
0.975062
1.15175
0.766869
0.940707
0.873748
1.1114
1.19008
0.404443
1.08631
0.610103
0.249259
0.905492
0.973538
0.917698
0.91653
1.00705
1.03236
0.523612
1.16704
0.602214
1.02847
1.21983
1.16062
1.15437
0.739181
1.07643
1.34214
0.825024
0.993268
1.12957
1.18822
1.07849
0.530529
0.74082
0.924466
0.492471
0.712044
1.10973
0.998339
0.97662
0.99206
1.05314
0.94075
1.23756
1.07108
0.564465
0.806495
0.784195
0.932346
1.00314
0.842228
0.874327
1.00035
1.04678
1.08444
0.97789
0.763391
1.04929
0.936911
0.791237
0.98135
0.977628
0.720761
0.729407
0.23514
0.722446
1.01771
0.90213
1.01155
0.740794
0.977461
0.69756
0.670861
0.903543
1.01023
1.12154
0.797447
0.957314
0.765413
1.08092
0.895908
0.975296
1.11762
1.2479
1.25682
0.954576
0.726611
0.598512
1.11217
0.954895
1.00612
1.11179
0.88303
1.29871
1.0755
1.32607
0.714876
0.676641
0.924971
0.87117
0.702931
0.591012
0.443793
0.726043
0.62194
0.675972
0.894337
0.694162
1.01091
0.556562
0.704351
0.9365
0.917191
1.0531
0.912191
0.922861
1.29267
0.990119
0.770696
0.98025
1.00572
0.834066
0.801187
0.90214
0.891053
1.23921
0.826294
0.892583
0.620889
0.477873
0.707648
0.805321
0.496407
1.08834
0.931654
0.555773
0.937753
0.488558
0.571849
0.850986
0.294126
0.742397
0.637932
0.644555
0.653549
0.747232
0.666966
0.902834
0.917187
0.918855
1.26223
1.32064
1.34795
1.31626
1.04345
1.02175
0.998802
1.27764
1.12784
0.887382
1.06215
0.826257
0.912741
1.01801
0.896682
1.37855
0.752508
1.17104
0.849028
0.974286
0.924802
1.13071
1.212
1.04046
1.02185
1.40915
0.967836
0.819141
1.06671
0.707965
0.908548
0.628339
0.943798
0.944979
0.982523
1.09178
1.31423
0.840901
0.900517
1.07331
1.29182
0.96986
1.15776
1.31401
0.926909
1.13717
1.05068
0.987149
1.3847
1.24655
0.79083
0.809566
0.826644
0.883252
0.824302
1.2048
0.85532
0.855613
1.06372
0.898194
0.526743
1.05486
0.863972
1.48446
0.927374
0.945573
0.835214
0.947419
0.415448
0.939568
0.772832
1.18748
0.718631
0.851533
0.760337
0.778946
1.16551
0.999251
0.816658
1.30811
0.935868
1.18084
1.0832
0.950461
0.974959
0.844574
0.714989
0.793763
0.945107
0.805751
0.927116
1.14834
0.760692
0.847017
0.882136
0.80042
1.00821
1.02067
0.678412
0.815434
0.663836
0.797463
0.652935
0.790534
0.610314
0.66384
1.12901
0.716076
1.35301
1.14321
0.998952
1.04292
1.05258
0.895847
1.10589
0.639754
0.981524
1.1394
1.08363
1.01459
1.07397
0.940462
0.918629
0.955185
1.11194
0.904889
1.07143
0.848494
0.855205
0.804083
0.678534
0.810213
0.717926
0.897518
1.33516
0.469514
1.18628
0.961777
1.10893
0.913006
0.858691
1.02882
1.10267
1.00799
0.990333
1.27402
1.04146
1.11435
0.889477
1.3266
1.29571
0.821557
0.991001
1.16584
0.825501
0.788927
0.700898
0.817401
0.95584
0.874426
1.12558
0.819998
0.741115
1.06949
0.663158
0.643834
0.32892
0.702685
0.943018
0.850237
0.621256
0.768245
0.86054
1.02162
0.764051
0.571864
0.812477
0.814367
1.17011
0.826784
1.09444
1.18783
1.32739
0.93184
0.991733
0.575726
1.11035
1.19109
0.948876
0.821544
1.05287
0.925882
1.14268
0.900034
0.758244
0.885411
0.837016
0.980558
0.864748
1.22592
1.05419
0.907014
1.05239
0.895647
1.14544
0.977996
0.876893
1.10786
0.767226
1.39026
1.0341
0.993604
0.66284
0.794482
1.21986
0.963825
0.8541
0.69498
0.532042
1.24401
1.07342
1.06241
1.34458
0.817504
1.38026
0.501625
1.14045
1.18678
1.08998
1.13988
1.01196
1.26154
1.28988
0.891199
1.01086
0.96812
0.541787
0.858597
0.873463
1.252
0.934227
1.0708
0.851711
1.2297
1.23744
0.962179
0.976015
0.812032
0.600082
1.12729
1.01859
0.889406
0.532954
1.01119
0.787852
0.909171
0.849574
0.949924
0.603268
0.821973
0.732727
0.448224
0.916628
0.905481
0.826355
1.13836
1.05554
0.653789
1.01498
0.682992
0.979029
1.18229
0.888267
1.24567
1.45214
0.300821
0.91985
1.34751
1.41623
0.925331
0.864386
0.860578
0.869553
0.861851
1.20097
1.07569
0.677888
0.972053
1.10572
0.795077
0.905334
1.08561
1.09973
1.06407
0.783759
0.559593
1.07113
0.839782
0.90744
0.916658
1.09628
0.804923
0.795998
0.680295
1.02323
1.14474
0.88867
1.00199
0.825467
0.725056
0.824223
0.790706
0.860791
0.502418
0.855369
1.28124
0.789691
0.945677
1.21734
1.17044
1.11219
1.17064
1.15254
1.3342
0.898811
1.00179
1.11188
1.11987
0.765205
1.15085
0.503956
1.28988
0.796851
0.774075
0.954285
1.02977
0.695301
1.09285
1.08328
0.765219
0.934788
0.895846
0.974549
0.825353
0.750482
0.880744
1.14351
0.726516
0.959257
0.742998
0.913363
0.747491
1.0463
0.798566
0.742187
0.688016
0.842807
1.00763
0.856647
1.0163
1.07928
0.883678
0.982385
0.866251
1.18572
0.923237
0.600424
0.811117
0.663678
0.685906
0.515456
0.724481
1.02219
0.865228
0.93072
0.877355
1.08375
0.934432
1.02971
0.993641
0.90241
0.888582
1.15733
0.804898
0.936371
1.15425
