0.670578
1.22272
0.976073
0.997776
1.13045
1.08746
1.05861
1.48775
1.23836
0.480967
0.796449
0.807621
0.713081
0.881493
0.776654
0.571953
1.01508
0.930342
0.879297
0.814702
0.523623
1.22322
0.885308
1.09943
1.14303
0.628678
0.853045
1.27473
0.91
1.24971
0.790136
0.595813
0.865304
0.66649
0.688194
0.905744
1.03293
1.07192
0.953318
0.759342
0.913086
1.16742
1.05863
0.722974
1.04025
0.985789
0.882396
0.960289
1.13046
0.738312
0.565964
0.874419
0.559431
0.911885
0.997818
0.505522
0.87477
1.41828
0.917762
0.926503
1.30672
1.24471
0.801681
0.978858
1.00024
0.975269
1.21403
1.24741
0.886521
0.745933
0.819983
0.640979
0.565842
0.734055
0.965962
0.626818
0.77329
0.891878
0.904388
0.697013
0.97419
0.839075
0.635389
1.02725
0.928916
0.643455
0.873859
0.754114
0.773401
0.740412
0.569479
0.844119
1.26186
0.996852
1.27049
0.867437
0.956206
0.75779
0.744525
0.61464
0.857307
1.01278
0.742483
0.773615
0.801014
0.731212
0.891824
0.793778
1.24945
0.84605
0.902559
0.662619
1.24398
1.3241
1.14149
1.12931
1.21123
1.20812
0.999133
1.09379
1.19592
0.99589
0.988908
0.944239
1.24773
1.02998
1.24134
1.46855
1.2184
1.30636
1.24343
0.67926
0.830004
0.980852
0.84563
0.967906
1.05455
0.883018
0.851444
0.862035
0.806851
0.801164
1.11408
0.841683
1.10231
0.914287
0.655855
1.00336
0.783568
0.735173
0.788205
0.673078
1.02341
0.735481
0.845614
0.771105
1.17921
1.12615
0.646124
0.731393
0.926424
0.89943
0.928093
0.625759
1.12505
0.840809
1.16951
0.460747
0.895611
1.02758
1.16223
0.96743
0.86555
1.00387
1.05469
0.980035
1.06743
1.18972
1.20656
0.972279
0.466063
0.589776
0.617622
0.752922
0.744423
0.902919
1.00351
1.12926
1.10402
0.620224
0.676381
0.983521
0.948846
1.18524
0.878333
0.731063
0.513412
0.871336
0.7562
0.733475
0.795403
1.05409
0.970762
1.06993
1.07553
0.916279
0.76367
0.984668
0.865691
1.25989
1.12096
1.00893
0.818974
0.980744
0.662665
0.895976
1.1015
0.918346
0.954523
0.936021
1.13379
1.08107
1.1993
1.28699
1.1905
1.19934
0.727602
0.67103
0.740091
1.11842
0.993444
0.867826
0.89228
0.834971
0.948906
0.804056
0.830683
0.738694
0.837649
0.905798
0.878194
0.589667
0.820592
0.554401
1.23702
1.09423
1.4387
1.00701
1.00435
0.913756
0.641025
1.12063
0.898494
1.17972
1.30529
1.09087
1.02673
0.578407
0.817296
1.03765
0.691816
0.718175
0.8699
0.655202
0.49522
0.722879
0.752137
0.697888
1.02337
0.665636
0.889589
0.6103
1.04085
0.767284
1.30658
1.1134
1.14772
1.2
1.27426
1.04461
0.961303
0.817968
1.08001
1.03914
1.1147
1.18177
1.12507
0.647537
0.741804
0.832304
1.04037
0.68679
0.923582
1.00017
0.751946
0.696101
0.666274
1.22005
0.899807
0.993213
0.511081
0.583441
0.668124
0.780202
0.679094
0.781921
0.903017
0.876646
0.835163
0.347969
0.852344
0.63743
0.835137
0.731615
0.814096
0.973954
0.517168
0.90743
0.826207
1.14264
0.943103
0.994529
0.620163
0.993169
0.831404
1.12765
1.03812
0.818671
0.776688
0.554134
1.21784
1.46707
1.01278
0.830209
0.896118
1.11264
0.784983
1.28607
1.11559
1.22573
1.0571
0.886188
1.22827
0.594947
0.683208
1.32866
0.667061
1.13326
0.829005
1.09408
0.470223
0.537306
0.704795
0.455202
0.48015
1.00507
0.979834
0.643729
0.83426
0.672157
1.07952
0.790495
1.06147
0.926352
0.981861
0.950483
1.05521
1.15408
1.13229
0.711512
1.02333
1.21675
1.1546
0.61089
0.924491
0.833833
0.841415
0.591844
0.971715
1.21299
1.10714
0.784926
0.999389
1.53906
1.06828
0.794256
0.854983
1.37344
0.865061
1.0643
0.96191
1.01618
0.955171
0.900202
0.749741
0.6566
1.01508
1.11072
0.821428
0.881246
0.69767
0.365728
0.597937
0.895759
1.22149
0.65745
0.715204
0.745836
1.12036
0.972517
1.11969
1.43624
0.939233
1.02895
0.984281
0.956502
0.758956
1.06521
1.03955
0.97147
0.826524
0.824129
0.786165
0.77188
1.01482
0.824588
0.616616
1.22489
0.687701
1.05576
1.08854
0.928791
0.99479
0.852101
0.6979
0.8213
0.870361
0.854114
1.04073
0.887607
1.006
0.890191
0.617275
0.775666
0.990264
0.780658
1.04595
0.732264
0.859932
1.51446
0.937504
1.0893
0.919661
0.835809
0.805252
1.19662
0.855222
0.753761
1.02349
1.27234
0.851794
0.785985
0.957723
0.868953
0.869812
0.630335
1.08861
1.22549
1.05413
0.935443
0.642957
0.959115
0.961949
1.05549
0.612641
0.972984
0.499025
0.812609
1.01301
0.567299
1.1929
1.03451
1.10977
0.861661
0.662398
1.04263
0.954885
0.81336
0.724487
0.891057
0.987618
0.659691
1.11469
0.917792
0.928661
0.915137
1.24762
1.15193
1.20381
0.873391
0.527516
0.594362
0.452426
1.08168
0.913605
0.70446
1.08179
1.24318
0.964341
0.312887
1.13539
0.828674
0.636636
1.21558
1.2597
0.864977
0.873436
1.15363
0.780486
0.927423
0.960752
0.891915
1.05774
0.619516
0.816543
0.535845
0.840928
0.992582
0.693091
1.1489
0.732895
0.845661
0.704904
0.868309
0.956545
0.89178
0.96369
1.11308
0.823189
0.607973
0.96315
0.809364
0.846265
0.804451
0.783564
0.688541
0.851358
0.913227
1.11516
1.03472
0.876676
0.551766
0.69386
0.757611
0.942672
0.757487
0.53307
0.891441
0.738404
0.777156
0.714888
0.717365
0.779764
0.677115
0.566062
0.736836
0.759598
1.09791
1.19712
0.915033
1.22611
1.24056
0.874881
0.892895
1.24071
1.00527
1.05773
1.08258
0.699504
1.03302
0.914021
0.955199
0.841971
1.22121
1.33211
1.26207
1.15788
1.02933
0.673225
0.977154
1.10652
1.06201
1.28829
1.13875
0.556117
0.680695
0.832012
0.987883
0.637478
1.12081
1.11197
1.15067
1.04018
0.861276
1.02318
0.990953
1.14464
1.07957
1.00239
1.09565
0.744632
0.665127
0.831391
0.793491
0.787564
1.07752
0.879165
0.827715
0.812084
0.813681
1.08088
0.874335
0.93816
0.973283
0.866278
0.99194
1.00958
0.666328
1.05246
1.15616
0.893897
0.829126
1.37461
0.683409
0.91398
1.02431
0.994068
0.877031
0.711275
0.988605
0.991514
1.13822
1.00215
1.05354
1.16978
0.901839
1.12012
0.889224
0.742843
0.717665
0.83939
1.18107
0.781414
0.95828
0.869674
0.79574
0.851598
1.09659
1.23141
0.955023
0.649697
0.878081
1.30696
1.32167
0.963342
0.863522
1.2199
1.07638
0.639301
0.516129
0.780526
0.574947
0.645228
0.931545
0.92071
1.30062
0.925489
0.921307
0.856431
0.868897
0.442673
1.11518
1.32999
0.922116
0.953929
1.16563
1.05762
1.0446
1.21394
0.516266
1.10778
1.04993
0.952349
0.901722
0.994938
0.654996
0.600924
0.763201
0.973047
0.80028
1.12066
1.18339
1.05398
1.20782
0.637766
0.90343
1.00798
0.963436
0.907323
1.35491
0.608387
0.949694
1.18427
1.08437
0.626505
1.01215
0.611899
0.859245
0.76655
0.658026
0.591631
0.711604
0.992107
1.09654
1.05018
1.24964
1.03992
1.02842
0.955719
0.829727
0.594473
0.865148
0.853871
0.692846
0.739059
0.586279
0.863977
0.947859
1.08647
0.58081
1.00796
0.902296
0.960898
0.850636
0.920285
1.0556
1.05785
0.909407
0.820988
0.752503
1.23715
1.11001
0.782874
1.13251
1.08066
1.13867
0.987476
0.789887
0.78404
0.846702
1.13012
0.960035
0.929097
1.0793
1.17069
1.13184
1.14094
0.998263
1.20105
1.15035
1.11368
1.15759
0.808065
0.687515
1.23794
0.652116
0.889481
0.896796
1.06932
0.959904
0.706143
0.697522
0.78665
0.629459
0.923467
0.531651
0.995147
0.991467
0.942397
0.597577
1.10073
0.87627
0.994778
1.01873
1.13445
1.15696
0.85847
1.0138
0.810428
1.42778
1.20706
1.20573
0.921896
1.119
0.893669
1.28585
1.08234
0.747494
0.773073
1.24134
0.929264
1.04441
1.0123
1.1139
0.709738
0.563361
1.27758
0.808522
0.934823
0.754858
1.0841
1.05879
1.0079
1.05659
1.09182
0.96278
1.15592
0.884343
0.878519
1.01226
0.984532
0.95735
1.10466
1.06621
0.716329
0.98098
1.13186
0.969365
0.865818
0.652987
1.0048
1.17584
1.14336
0.563925
0.470626
0.897083
0.778778
1.35962
1.22923
1.44768
0.824253
0.913235
1.1239
1.16193
0.915153
1.08651
0.760723
0.957069
1.06729
1.02257
0.780707
0.989514
0.829074
1.10699
0.897292
1.21765
1.14763
1.01414
1.23205
0.711922
0.928496
0.667487
0.867191
1.09847
1.20318
0.951976
1.09675
1.29197
0.899661
1.29639
0.631518
1.04708
0.991236
0.837618
1.1656
1.31187
0.815376
1.0502
1.04539
0.953815
0.363249
0.72171
1.20208
1.26594
1.3784
1.29679
0.854164
1.10489
0.734548
1.04492
0.856137
0.980611
0.851524
1.10754
0.795857
0.885953
1.24464
1.01635
0.932431
0.98229
0.800907
0.699331
0.594132
0.879312
0.822435
1.17472
0.909102
0.931002
1.00525
0.607399
0.892776
0.704744
0.55449
0.941278
0.840428
1.0861
0.747174
0.993788
1.35271
0.645726
0.972501
1.18024
1.13907
0.966814
1.02442
0.805681
1.09854
1.23569
1.02977
1.14338
1.15294
1.06183
1.12308
1.06715
1.14169
1.17845
1.22361
0.955972
0.787963
0.987821
0.729397
1.05865
0.906166
1.1559
0.4893
0.518384
0.981822
0.692552
0.606151
1.19046
0.718679
0.972024
1.1074
1.05402
1.13092
1.20967
1.10749
0.84104
0.918888
0.823072
1.29957
0.932253
0.950166
0.825093
1.31682
0.945636
0.973416
0.833147
0.667323
0.948427
1.01306
1.07807
1.17056
0.927304
0.651171
0.997104
0.614578
0.827783
0.922977
1.06159
1.212
1.16122
1.18022
1.06252
1.01471
0.769479
1.05456
0.715883
1.26235
0.993826
1.10291
0.768274
0.779167
1.21586
0.955787
0.66027
1.00437
0.552303
0.886764
0.912458
0.624513
0.924551
0.634902
0.749844
0.822461
0.605661
1.00328
0.640611
0.92445
0.683724
1.12582
1.07226
0.66173
0.858688
1.34643
1.17775
0.915476
0.916756
0.871617
1.08957
0.983817
1.11249
0.928761
1.23102
1.2562
0.874465
1.25658
1.01153
1.01387
0.450569
1.00098
0.977263
1.33161
1.24986
1.07641
1.13858
1.17875
1.09918
0.83932
0.838599
0.768554
0.992203
0.843025
1.24051
0.869783
1.05462
1.24806
1.06162
0.97505
1.27697
0.53587
1.02241
1.19109
0.874034
1.02035
1.00728
0.874733
1.1784
1.25878
0.614844
0.891244
1.23862
0.647585
0.88644
0.802024
1.08278
1.1209
1.07451
0.56684
0.938743
0.840675
1.01888
1.02108
1.2795
1.09771
1.23039
1.06088
1.13091
1.2065
0.885056
1.09322
0.982284
1.12565
0.876628
1.11603
1.04803
1.06957
0.937659
0.616181
1.28538
0.749423
0.755839
0.857326
0.989056
0.859582
0.82244
0.65712
0.774303
0.712266
0.940899
0.930473
0.669743
0.741546
1.06057
0.92973
0.950705
0.899849
1.02552
0.85189
0.887259
1.08393
1.2075
1.16001
0.997669
0.678236
0.420134
1.36028
1.12435
1.1318
0.88908
1.00566
1.12544
0.888691
0.720571
0.940847
1.04851
1.08617
0.843066
0.632607
0.899973
0.983815
1.0408
1.12084
1.17818
1.03487
0.951231
1.02144
1.31936
1.13458
1.00801
1.26006
1.07781
0.825548
0.795836
0.807931
0.911143
1.18724
1.14875
1.0304
1.40464
1.06788
0.981079
0.689101
0.547506
0.907914
0.77618
0.859988
0.743748
0.723646
0.906101
0.587578
0.838268
1.03723
1.02223
0.839087
0.72715
1.14992
1.091
1.09982
0.9112
1.19451
1.37926
1.30595
0.946877
0.966548
1.14767
0.906661
0.894277
0.910595
1.27527
0.830548
0.715159
0.757452
0.645045
0.740469
1.09763
0.973409
1.17444
1.38103
0.41833
0.49424
0.828219
0.586953
0.717056
0.778196
0.696147
1.12874
0.783371
0.746847
0.757548
0.745783
1.16106
0.865814
0.964596
0.59097
0.962604
0.876488
0.855496
1.15635
0.784935
0.978442
1.23227
1.08924
1.25645
1.31088
1.02979
0.953674
1.14234
0.971928
0.821101
0.657766
0.614387
0.646829
0.525921
0.671193
0.81938
1.11587
0.974829
1.14741
0.540277
0.684535
1.04342
0.686578
0.873609
0.867129
0.98849
0.891588
0.817172
1.16307
1.01835
0.823793
0.844646
0.999954
0.851629
0.755834
1.31726
0.743659
0.844981
1.01438
1.19414
1.01503
0.84981
1.01349
1.23134
1.10478
1.1834
1.00975
1.04363
1.3815
1.27648
0.881937
0.769402
0.950482
0.989833
0.81116
0.63224
0.518129
0.691418
1.21415
0.897276
0.932069
0.676131
0.877017
0.85041
1.15939
0.983042
0.733336
0.932012
0.870854
0.712601
0.738013
0.765778
0.868894
0.849363
1.10893
0.838329
1.17538
0.752573
1.07733
0.917499
0.857926
0.706917
1.13596
0.739944
0.758146
0.913118
0.869484
1.10296
1.07424
0.542801
0.882827
1.00155
0.704744
0.942723
0.993913
0.698948
0.970291
0.649223
0.899958
0.797951
0.630233
0.824462
0.962897
0.560421
0.657064
0.647066
0.670662
0.457052
0.520492
0.776431
0.975297
0.806227
0.89336
0.751942
1.05875
0.761003
0.840504
0.617241
0.827075
0.776428
0.950618
1.38577
1.11079
1.31835
1.2659
0.925935
0.876187
0.649543
1.17248
0.975528
0.790797
1.18091
1.1054
0.671089
0.770788
1.05437
0.876172
1.01935
1.16526
0.828536
0.754464
0.759282
0.954063
1.04282
1.05672
1.13261
1.09304
1.29206
1.34644
0.710371
0.893784
0.441587
1.28666
0.940294
0.964991
0.725938
0.915378
0.696209
0.657812
0.580464
1.04088
1.0179
1.20262
1.10373
1.07473
1.29625
0.741594
1.17394
0.905136
1.0866
0.516764
0.764437
1.04038
0.693603
0.958339
0.804467
0.849169
1.17382
1.23703
0.476954
0.776251
0.834415
0.863805
0.730831
1.04732
1.01368
0.772634
0.792906
0.425182
0.582286
1.08564
1.07876
1.05901
1.07722
0.961639
1.02859
0.68335
0.931155
1.24399
1.02734
0.992198
0.904975
0.726812
0.695251
0.823153
0.560324
0.768383
1.09171
0.934592
1.28717
1.1724
1.14636
1.07761
0.982625
0.821256
1.17394
1.20104
1.27075
0.696351
1.06419
0.529925
0.907725
0.797349
0.769981
1.08285
1.20088
0.918745
0.786234
0.8034
0.747126
1.25095
1.00152
1.02101
0.992092
0.799721
0.881994
0.832232
0.968549
1.1208
1.03038
0.452149
0.580994
0.766691
0.9189
0.344028
1.07367
0.999479
1.21067
0.849735
0.584573
0.654983
0.494248
0.952067
0.965575
1.18039
0.800684
0.771134
1.04004
1.30661
0.674111
0.971839
0.901776
0.970056
1.13533
0.770823
1.03371
0.850075
1.00763
1.14453
0.80737
0.934635
0.835514
1.12313
0.892621
1.0415
0.966147
0.898501
0.948561
1.16188
0.536036
0.688626
1.03567
1.00818
1.10632
1.21817
1.03099
0.737626
0.926941
1.11323
0.867764
0.661835
0.897768
1.17376
1.05311
0.84493
0.823718
0.979864
1.10983
0.876667
0.722072
1.09707
0.846212
1.09794
0.951285
0.989286
0.569424
0.57466
0.555205
1.0999
0.90308
1.18786
0.929024
1.08208
0.920771
0.848092
1.05289
1.13207
1.08679
1.28328
1.149
0.907451
1.05625
0.727207
0.761217
0.697846
0.555762
1.16789
1.02692
0.948458
0.836517
0.69148
0.857422
1.30185
0.922847
0.669214
0.931053
1.00197
0.807727
0.725
0.803437
0.499901
0.822449
1.09609
0.661255
0.489624
0.474111
0.714495
0.710823
0.748438
0.70149
0.717181
0.830503
0.745692
1.23439
0.705225
1.1862
1.14473
0.888016
0.629595
0.448103
0.713232
1.23237
1.49396
1.12836
0.90671
0.895767
1.17699
1.05608
0.761411
0.583818
0.573512
0.388604
0.61096
0.491747
0.38054
0.678815
0.520213
0.475911
0.229697
0.539275
0.913359
1.03374
0.996308
0.716779
1.28617
1.11493
0.591734
0.908399
0.814886
0.695749
0.821971
0.41538
0.8619
0.739816
0.923193
0.859853
0.909968
1.09739
0.855866
0.785995
0.987079
1.17944
1.08306
0.927465
1.03458
1.07853
1.08212
0.887752
1.18504
0.615099
1.02763
0.989573
0.896216
1.01966
0.950385
0.917241
1.14091
0.797245
0.927733
1.12611
1.07206
1.14536
1.21676
1.2177
0.941751
1.06078
1.2119
0.816754
0.803888
1.13075
0.585738
0.828661
0.941747
0.775337
0.863037
1.16036
0.840643
1.15199
1.28217
0.966905
0.975315
0.785689
1.10473
0.948349
0.831821
0.315961
1.146
0.763645
1.09374
0.715317
0.980552
0.798015
0.957691
0.9267
0.973626
1.03905
0.924676
0.936989
0.94759
0.739778
0.634405
0.906119
0.981319
1.21835
1.16373
1.07577
0.852787
0.867973
1.32902
0.948919
0.795598
0.834416
1.07285
0.930389
0.775186
0.818595
0.700102
0.864289
0.902886
0.53686
1.13882
1.16777
0.66126
1.1484
0.980662
0.756261
0.879066
0.677938
0.420807
1.02314
1.2334
1.20076
0.832421
1.11947
1.18594
0.869647
1.08751
1.16785
1.17414
1.01927
0.952099
1.21556
0.830783
1.29652
0.941525
1.13355
0.966059
0.726875
0.76792
1.14442
1.09734
0.863019
1.07344
1.13346
1.26217
1.13898
1.27696
1.36199
1.31068
1.02546
1.08815
0.962686
0.623262
0.967818
0.482686
0.649255
0.895463
0.788538
1.17374
1.0915
1.14575
1.02098
1.19317
0.947827
0.653094
0.914885
0.997036
0.72301
0.99795
1.1457
1.04611
0.879437
0.827175
0.783115
0.982229
0.858825
0.845327
0.776178
0.77238
1.34563
0.643546
0.695646
0.613609
1.06735
0.956572
0.840516
0.832646
0.857022
0.986188
0.627533
0.70456
0.957427
0.909843
1.06651
1.23373
0.779047
0.883503
1.04865
1.0984
1.03781
0.880249
0.950403
0.678799
0.947996
0.921848
0.789146
0.724854
1.00362
0.835932
0.813375
0.973478
1.10026
0.936039
0.830225
0.98364
0.926021
0.771368
0.591642
0.807381
1.09305
1.06628
0.921693
1.14549
0.800281
1.13713
0.921194
1.15438
1.18599
0.719471
0.627034
1.12883
1.30743
0.918513
1.13922
0.916442
0.950446
0.720039
0.84013
0.799584
1.22771
1.00514
1.19735
1.22272
0.997906
0.594289
1.09132
0.682808
0.508373
0.785945
0.946145
0.777165
0.911374
0.846719
1.2154
0.825315
0.822848
0.956003
0.859952
1.3856
0.884072
0.707877
0.704701
0.795331
0.763793
0.823316
0.875094
0.864919
0.767265
0.621319
0.845714
0.699764
0.454285
0.437284
1.02864
0.862982
0.967807
0.935291
1.02103
1.04372
0.544278
0.717268
1.13631
0.907717
1.05519
0.60013
0.749128
0.904077
0.871131
1.12601
1.08942
1.12155
0.976836
0.788478
0.884987
1.15614
0.806289
0.920212
0.949488
0.446428
1.0615
0.99785
0.776162
0.989733
0.83438
0.940871
0.380497
0.914819
1.00654
0.880575
0.869125
0.695379
0.83777
0.479915
0.612205
1.0352
0.955337
0.816822
1.17093
0.798451
0.491518
0.994428
1.14804
1.35088
1.00222
1.15586
0.756596
1.12442
0.620389
0.91785
0.732032
1.27612
1.21198
1.22626
1.06377
1.10104
0.919556
0.682571
0.78037
1.23511
1.20078
0.550024
0.735133
0.610384
0.758701
0.814479
0.764981
0.824197
0.597918
0.704746
0.688682
0.710865
0.977985
1.23328
1.05917
1.16621
0.864397
0.756696
0.788467
0.739258
0.804411
1.13666
1.27551
1.26712
1.45936
1.08044
1.0869
1.06377
0.884742
1.08893
1.20607
0.762231
0.746114
1.13011
0.968039
0.833843
0.691831
1.1221
0.872195
1.04346
0.732426
0.839559
0.754775
0.655677
0.753168
0.804063
0.8109
1.14107
0.578091
1.16232
0.641159
0.902023
0.864459
1.05391
1.10626
0.771026
1.15977
1.01954
0.897055
0.705801
0.91327
1.51076
1.27188
0.936962
1.00935
1.08195
1.14694
1.15913
1.15135
0.861854
1.15092
0.590517
0.775236
0.960889
0.527862
0.993341
0.702504
1.27809
1.03994
0.943304
0.739263
1.03948
0.96244
1.01032
0.707203
0.675736
0.691829
0.690156
0.685942
0.914437
0.821484
0.992612
1.31328
0.685757
0.729064
0.818117
0.772194
0.894897
0.699565
0.944001
1.11838
1.31066
1.21603
1.0207
1.02825
0.79692
0.994048
1.1529
1.10223
1.1368
0.935161
1.0437
1.08929
1.03294
1.14115
1.11952
1.00316
0.930619
0.879202
1.07459
1.01586
1.07831
1.16095
1.34814
1.32948
1.53222
1.38627
1.09741
1.05071
0.828798
1.04719
1.17015
1.12022
1.1959
0.884329
0.954238
1.04228
1.12998
1.21693
1.05143
0.997093
0.993422
0.814458
0.809063
0.783483
0.875533
1.02591
1.0375
0.69177
1.00072
0.955742
1.01219
0.70164
0.863757
0.746078
1.02897
1.23745
0.876016
1.09671
0.854462
1.01175
0.75275
0.69126
0.970622
1.00933
0.804245
1.06645
1.18335
1.17024
0.759545
0.857829
1.20521
1.1691
0.74594
0.846811
0.663995
1.04955
1.03187
1.08864
0.553545
1.30164
0.611099
0.77497
0.910634
0.846522
0.717306
0.994705
0.968648
1.07787
1.06346
0.838957
0.913522
0.83374
0.725049
0.837222
0.877064
0.359024
0.93731
1.08857
0.83211
0.847004
1.00443
1.15378
1.00607
0.961115
0.556999
0.875769
0.971983
1.12416
1.10108
0.810215
0.632622
1.01712
1.01205
1.28938
1.11873
0.818729
1.18677
0.886413
0.682324
0.67052
1.13424
1.04773
0.765974
0.896438
0.639742
1.13761
1.0878
0.932561
0.470397
0.927618
0.717719
0.659456
1.18598
1.32445
0.88845
1.50629
1.09984
0.878643
1.0454
0.747253
0.979888
0.63224
0.685322
0.723526
1.11924
0.958562
1.25267
1.12116
1.2598
1.00771
1.011
1.38988
1.11061
1.0836
0.993471
0.659661
1.08055
0.977213
0.692188
0.602385
0.977719
0.82417
1.28424
1.13286
0.799549
1.00672
1.17479
1.06086
0.599904
1.12144
0.817351
0.827023
1.02842
1.11695
1.08399
1.05234
0.795271
0.762061
0.897259
1.26629
1.33341
0.923587
1.21143
1.40564
1.08795
0.991549
0.724491
0.525761
0.962346
1.15008
1.02665
0.858661
0.648657
0.729424
1.0259
1.11111
1.07189
0.90234
0.899302
0.906503
0.72843
0.940877
0.739583
0.878855
0.873295
1.24851
0.723657
0.80193
1.1671
0.573687
0.972587
0.761572
0.927782
0.720928
0.823134
0.625195
0.923552
0.907447
1.07325
0.755674
0.951777
0.503134
0.774597
1.12505
1.02684
1.02723
0.68203
0.929888
1.1139
0.691086
0.576945
0.93122
1.03594
1.04313
0.573251
0.97178
1.00861
0.750008
0.828239
0.585431
0.701201
1.13522
0.801929
0.690925
0.736461
0.737209
1.07421
1.07416
1.00611
1.09207
0.46959
0.842362
0.675916
0.844653
0.826943
1.30356
0.691034
1.15724
0.929978
0.837578
1.20363
1.00651
0.934363
0.797018
1.04402
1.1618
0.894385
1.28308
0.867863
1.14871
0.370116
0.238177
0.47531
0.364195
0.613865
0.37877
0.835795
0.279356
0.37097
0.160467
0.831296
1.15898
1.13577
1.09841
0.945393
1.09875
1.27057
1.06709
1.13368
1.23292
1.02192
0.645814
1.19442
0.850736
0.830356
0.567554
0.942523
0.636856
0.84559
0.949416
1.05955
1.35782
1.0443
1.08341
1.0842
1.15747
1.32285
1.10554
0.827385
1.45929
0.740719
1.22705
1.13003
0.734955
1.04019
1.04363
1.05031
1.08051
1.08302
1.12824
0.953318
0.947951
1.23375
1.10794
0.927909
1.02507
1.48476
0.812061
1.07348
0.569618
1.26244
1.21524
0.785638
0.801755
0.911552
1.35245
0.878331
1.14341
1.37315
1.03431
1.24861
1.10694
1.10999
0.90047
1.19013
0.994481
0.971313
0.685254
0.807903
0.856941
1.24883
0.85622
0.554622
0.852085
1.1879
0.905649
1.19721
1.16187
1.07173
1.31
0.753844
0.749735
0.922462
0.871869
0.853403
1.04157
0.907108
0.914004
1.0982
0.449936
1.32515
1.13411
1.37218
1.21432
0.981412
0.669752
0.914421
0.967313
0.987666
1.09973
1.12664
0.947722
1.14439
1.16992
0.907249
1.21462
0.960626
0.857266
0.876477
0.606343
1.01066
1.03283
0.721382
0.558612
0.74003
0.671418
0.941656
1.06874
1.13024
1.06286
1.05287
0.988924
0.988006
1.04807
0.8257
0.737461
0.966642
1.0367
0.913752
1.0642
0.723171
0.387076
0.950497
0.884282
0.975254
1.13072
0.941418
0.910562
0.978529
1.06076
0.727654
0.894222
0.77753
1.02842
0.89595
0.756688
0.711835
0.890363
0.989116
0.621276
1.1925
1.29808
0.856079
0.85214
1.1452
1.07714
0.705334
0.723828
0.909666
1.09794
0.93397
1.20583
0.894397
0.734087
1.10596
1.11461
1.00894
0.935596
0.962903
0.937861
0.537209
0.320468
0.483319
0.404845
0.491704
0.419404
0.69598
0.558925
0.428848
0.593085
0.946264
1.02259
1.03247
0.942411
0.756856
1.32743
1.16835
0.959908
0.824798
0.696922
0.675716
0.720954
0.97429
1.26013
1.36281
0.952473
1.0958
0.870955
0.824753
0.824224
0.764285
0.933729
0.997637
0.906074
0.551479
1.21035
1.0114
0.711036
1.07388
0.909795
0.647595
1.13667
0.843235
1.05267
0.988804
1.01417
1.05053
0.951241
1.06416
0.991809
1.0507
0.69291
1.06916
1.03553
0.918297
0.742683
0.641952
0.810943
0.577846
0.962749
1.06138
0.925817
1.06282
1.12185
1.07231
1.12965
0.791121
0.730621
1.37723
1.08517
1.15635
1.27071
0.918519
1.09718
1.05097
0.902242
0.79598
0.51665
0.868354
0.954276
0.699789
1.1639
1.00612
0.958479
0.719849
0.768301
0.606291
1.00001
0.984971
0.678926
1.00159
1.43337
0.938155
0.696121
0.848735
0.741868
1.03617
1.15341
0.793757
1.01123
0.67293
0.675293
0.794725
0.828331
1.02154
1.02561
0.803763
0.915453
0.667166
0.259332
0.802271
1.05677
0.982363
1.02213
0.995313
1.17376
0.983801
0.816444
0.78664
0.977845
0.86599
1.19682
0.941089
0.671663
1.12975
1.37024
1.13774
0.493875
0.667895
0.65088
1.06513
0.801444
1.14381
0.929228
0.967204
1.12762
0.764286
0.984413
0.806098
0.777615
0.894353
0.981065
0.814662
0.801966
0.947686
1.38369
1.19386
0.961592
0.695844
1.24848
0.995258
1.23516
1.00686
0.719713
0.926908
0.609298
0.907702
1.13129
1.12273
0.89438
0.729928
0.918505
0.881513
0.679125
0.734748
0.737803
0.842936
1.23772
0.895128
0.882575
0.550194
0.601434
0.981487
1.0245
0.888526
0.796226
1.05547
0.625262
0.861698
0.628529
0.725351
0.60779
0.8996
0.919778
1.20388
0.651815
0.823344
0.780358
0.914876
0.914215
0.857439
0.843673
0.98491
1.09811
1.15436
0.794084
0.84611
1.05692
1.04426
0.951037
1.05647
0.82995
0.864793
1.00042
0.931621
1.16209
1.07827
1.14102
0.967677
0.637225
1.15861
1.17103
0.831124
0.799114
0.508141
0.735105
0.934762
0.941579
0.90817
1.2393
0.497636
1.19416
1.0861
1.13192
1.20513
0.950347
1.21106
1.10511
1.02735
1.03083
1.04572
0.934563
1.14399
1.09584
1.22848
1.22438
1.00535
1.09409
0.941855
1.03333
1.1097
0.952751
0.907747
1.1249
1.29202
1.03314
0.900368
0.904667
0.561884
1.10448
1.09036
1.1085
0.940153
1.02183
1.06274
1.4072
1.09752
1.11424
1.16509
1.14771
1.28925
0.840186
0.916732
0.882303
0.993321
1.23082
0.948269
1.00084
1.25715
1.0079
1.30256
0.991897
1.15224
0.732298
0.915636
0.885868
1.26721
1.01354
1.13463
1.09748
0.781886
1.1128
1.14734
0.762905
0.973104
1.05073
1.00527
0.969669
1.00398
0.980614
1.24523
1.22508
1.09241
1.08243
0.828065
1.06143
0.761957
0.636058
1.08991
1.01442
1.22171
1.13808
1.27891
0.966417
0.96512
1.20047
0.990871
0.946993
1.21202
1.08157
0.953571
1.20211
1.14162
0.917473
0.942775
1.11181
0.623447
1.29192
1.15648
0.697539
1.00095
0.526993
0.704115
0.869243
0.956647
0.5831
0.813336
1.07623
0.947125
0.727652
0.851357
0.845512
1.26146
1.11052
0.34056
0.640758
0.646082
0.591637
0.679695
0.846785
1.02024
0.75166
0.582295
0.609902
0.794765
1.12991
0.949459
1.06792
1.10397
0.670572
0.752162
1.23607
0.662817
0.799991
0.860309
1.08749
1.00065
0.949896
1.12113
1.01553
0.725869
1.0154
1.11476
1.00175
1.06085
0.932085
1.16962
1.23716
1.01209
0.973073
0.605042
0.736309
1.14774
0.971306
1.16331
1.15171
1.55775
1.34789
1.06471
0.802391
0.56351
0.759999
0.939397
1.01726
0.989571
0.903383
1.23716
0.90329
0.828195
0.54823
0.743947
0.866154
0.919657
1.17189
1.12215
0.616751
0.688037
0.721419
0.764589
0.947788
0.918519
0.861247
0.855819
0.934592
0.958615
0.620597
1.15061
1.23828
1.33728
1.28052
0.513559
0.446378
0.658189
0.708888
1.14685
0.839229
1.08057
1.17987
1.24371
1.0422
0.89792
0.868452
0.899537
1.05401
0.710575
0.810384
0.725906
1.02009
1.21743
1.08666
0.848049
0.674727
1.21307
1.09751
0.929722
1.04115
0.547062
0.921677
0.828936
0.692992
1.04033
1.08922
1.00854
0.886021
1.20788
0.996241
1.44669
1.45023
0.837284
0.842516
0.747418
1.03732
0.845274
1.0803
0.964765
0.994448
0.998454
1.3936
1.26211
0.580024
0.80744
0.677388
1.13256
0.892551
1.12155
0.847076
0.959471
0.965528
0.999898
0.58156
0.861202
0.883757
0.955606
0.910295
1.2114
0.996686
1.1198
1.25639
1.22532
0.744149
0.872539
0.863294
1.02662
1.23294
1.07632
0.862859
0.854583
1.16793
1.2844
0.995353
1.20372
0.94102
0.74606
0.466078
1.07351
0.661438
0.871074
0.872029
0.818713
1.01097
0.713068
0.909592
1.21887
0.781078
1.13792
0.790162
0.801655
0.832121
0.936502
0.78965
0.935156
0.926776
1.05869
1.26166
1.18513
0.996714
0.927697
1.16685
0.839637
1.18359
0.486956
0.575593
0.868678
1.12743
1.13763
1.20766
1.02737
1.16475
0.792555
0.868468
0.845992
1.15568
1.06887
1.11454
0.959387
0.923878
1.27254
1.09959
1.10361
0.609765
0.641754
0.682213
0.917914
1.09377
1.26643
0.811553
0.78531
0.748078
1.29962
0.856087
1.02749
0.95769
1.11937
0.725227
1.05305
0.707152
1.17106
0.878413
0.843045
0.990634
0.977878
0.857128
0.878885
0.760513
0.755607
0.777607
0.924701
0.769172
0.706492
0.866965
0.86617
1.20991
0.963717
1.20533
1.0392
0.861721
1.04163
1.05391
1.0584
0.799824
1.13525
0.886779
0.764177
0.722467
1.13301
1.12718
1.27061
0.851531
0.870691
0.790226
0.706404
0.974612
0.58939
0.633422
0.767094
0.847943
1.20162
1.20525
1.10857
0.592618
0.999155
1.41513
1.01705
1.09388
0.832507
0.855569
0.647474
0.718475
0.596715
0.711166
0.585758
0.5323
0.650637
0.570371
1.14925
0.784013
0.90525
1.19982
1.11244
0.807794
1.08305
1.34111
1.07102
0.924478
1.10357
1.34041
0.776066
0.87384
0.903383
1.21814
1.00679
0.928173
1.22879
0.964809
1.38413
1.25707
1.08624
1.24958
1.34541
0.387627
0.949427
0.908868
0.962099
1.26107
0.92527
0.899436
0.757012
1.00966
1.00257
1.05137
1.02687
0.780627
0.65196
0.490346
0.999615
1.03397
0.654276
0.85284
1.2755
0.491945
1.10159
1.25851
1.20956
0.839048
0.980455
1.01761
1.0083
0.716277
1.11127
1.01305
0.8231
0.808755
0.575313
0.983778
0.865969
0.8865
0.531427
0.94007
0.890526
0.863359
0.848085
0.552239
0.751535
0.756417
0.954076
1.09153
0.724446
0.849875
0.783161
0.364043
1.28853
0.869019
0.99283
1.11279
0.618534
0.85808
0.932894
0.558394
0.962766
0.996345
1.10794
0.981495
0.826484
0.778501
0.777831
0.889795
1.06322
0.634231
0.881426
1.05448
0.719893
0.801503
0.990258
0.809288
0.689009
0.919716
1.21137
1.05413
1.03799
0.806614
1.18389
1.06501
1.05577
1.00255
1.30937
0.953934
0.727205
0.919281
0.803545
0.660178
1.08412
0.95015
0.880206
1.12502
1.00015
0.776512
0.906883
1.01575
1.32457
0.780853
1.07732
1.01733
1.11254
1.28905
1.15714
0.844781
0.957859
0.989939
0.737827
0.825589
0.770318
0.851903
0.800983
0.759194
0.787064
0.744501
0.434454
0.690194
0.643666
0.612741
1.24967
1.15739
1.16877
1.01801
1.09342
1.18947
1.19987
0.738142
0.952864
1.12978
0.599567
0.652197
0.5982
0.538873
0.657958
1.02731
0.793344
1.0118
0.996583
0.758247
0.765553
0.836951
0.953781
0.697621
0.891657
0.691164
1.19525
1.10731
1.27924
0.6131
1.10322
0.920181
1.09134
0.777078
0.656155
0.725629
1.09668
0.839709
0.645729
1.04937
1.0763
1.07666
0.574914
0.854438
0.915635
1.0053
0.823565
0.679279
1.1839
1.06049
1.22586
0.993611
0.656128
0.91179
1.01179
1.09009
0.942433
1.11739
0.720799
1.13501
0.529875
0.622157
0.620965
0.318969
0.551543
0.498814
0.650872
0.477758
0.753018
0.617996
0.963141
1.09568
0.988921
1.15575
0.829603
1.02377
1.14516
1.41043
0.882452
1.19884
0.728
0.953332
1.0131
1.44412
1.01371
0.714265
0.884556
0.984953
0.983871
0.681893
1.31977
1.30929
1.20381
0.892716
1.09652
0.820448
1.09943
1.34135
0.929445
1.08227
0.737428
1.09332
1.15472
1.01893
1.21928
0.925836
1.11162
1.34738
1.15818
0.792135
1.01525
0.978425
0.720258
1.11533
1.22651
0.75847
0.55723
0.739422
0.90967
0.865246
0.91803
0.979638
1.19962
0.821054
0.802126
1.05269
0.999387
0.500333
1.02973
1.28949
0.823191
0.870068
0.915136
0.69502
0.726652
1.16434
0.630275
0.697467
0.74113
0.861145
0.731199
1.14929
1.09507
0.748409
0.787116
1.08904
1.09812
0.577033
0.85984
1.07539
1.00786
0.838577
0.912728
1.09989
0.649859
1.12505
1.1
1.10575
0.79111
0.958665
1.03041
1.161
0.848345
0.744452
1.10829
1.3083
1.10905
1.37195
1.3055
1.2803
1.02516
0.996672
0.634908
0.89903
0.721832
1.36343
0.843892
0.791852
0.950939
0.971969
1.09062
1.46664
1.14304
1.25583
0.904555
1.24866
1.09817
1.23419
1.0422
0.850029
0.832922
0.694809
0.876969
0.916901
0.698473
0.646733
0.91394
0.66605
0.784843
0.692004
0.852229
0.922582
0.919886
0.904563
1.19376
0.941631
0.686443
1.04695
1.18521
0.855125
0.846797
0.864864
0.866095
0.86289
0.893353
0.997325
1.13811
0.893605
1.27421
1.06979
0.706849
0.90297
0.955441
1.1096
1.22218
1.03755
1.00847
1.37553
1.26904
0.694239
0.536899
0.770674
0.818769
0.680973
0.515688
0.776574
1.05199
1.00832
0.993663
0.356439
1.05924
0.755644
0.94188
1.11083
0.905331
0.965105
1.21022
0.577114
0.951881
0.739777
1.13074
0.773675
0.687673
0.595962
0.94931
1.16753
1.04537
1.20698
0.677547
0.963248
1.24122
1.11172
1.13602
0.979406
1.22056
1.22375
0.847327
0.740158
0.678714
1.14004
1.05404
0.897476
0.980596
1.20607
1.00641
0.552931
0.731026
1.00359
1.16651
1.21716
1.22942
0.809345
0.863222
0.771044
1.01434
1.06158
1.01653
1.20413
1.13503
0.636759
0.988685
1.0993
0.740711
1.33849
1.13247
0.776932
0.79621
0.77352
1.0515
1.17266
1.29599
0.825358
0.724702
0.884772
1.13567
0.723355
0.989196
0.627073
0.877494
0.667029
0.832034
0.989497
0.983017
0.758341
1.11193
0.912608
1.32035
0.841488
1.09114
1.36586
1.27389
0.93571
0.641769
0.678949
0.842256
0.858704
1.14605
1.14651
1.15114
1.06736
0.876157
0.832282
0.918418
0.576341
0.973551
0.993195
0.900758
0.960674
0.881026
0.674309
0.582911
1.27547
0.984696
0.714893
0.762346
1.061
0.515388
1.15924
0.675807
0.913179
0.626958
0.668801
1.09441
0.638279
0.988673
0.714465
0.826006
0.922085
0.998869
0.391352
1.08779
1.13842
1.22749
1.12787
0.826648
0.967739
0.941501
0.707532
0.973027
0.969493
1.43021
1.02594
0.706069
0.870534
0.777336
1.12073
0.985985
0.898695
0.508819
0.729417
1.26836
1.38154
1.2123
1.05188
1.30366
0.968699
0.797411
0.91643
1.17126
1.32364
0.851221
0.680826
0.71158
1.19462
0.885175
0.967136
0.925812
0.777878
0.802294
0.56904
0.867251
1.1994
1.15909
1.04959
0.872858
0.957894
0.951659
0.761043
0.666317
1.27727
0.472383
0.965407
1.10856
1.13534
1.23402
0.774487
1.03677
1.4969
0.951431
1.12768
0.629707
0.9902
0.869946
0.82432
1.06075
1.10507
1.12401
1.15833
1.03874
0.71539
0.420556
0.544165
0.660513
0.702575
0.784241
0.678851
0.462639
0.607851
0.332385
0.512389
0.711694
0.730594
1.10538
0.833195
0.957273
0.850781
0.833406
1.09369
1.13152
0.528583
0.88139
0.908547
1.23169
0.943774
0.978882
0.989344
1.01054
1.07368
1.02897
0.715855
0.9816
1.14493
1.27079
0.854645
0.639717
0.978079
0.856002
0.917875
1.14468
0.867516
0.461883
0.707246
0.820139
0.740829
0.786288
0.784092
1.10316
0.991449
0.877216
0.659872
0.869193
0.628385
1.08192
0.859817
0.844635
0.799662
1.02503
0.829671
1.18955
0.549774
0.99486
0.917254
0.92433
0.836346
0.774159
0.736607
0.633737
0.903258
1.1522
0.891712
0.381069
0.641521
0.760743
0.791796
1.04615
1.44619
1.081
1.42845
1.06062
0.482338
0.83087
0.87766
1.0666
1.04564
0.903817
0.861726
1.07686
0.990092
1.27628
0.837795
1.12109
0.579402
0.514478
0.772414
1.04607
0.490293
1.14196
1.02389
1.29362
0.647688
0.846982
0.894489
0.847709
0.712225
0.752732
0.799782
0.93436
1.08851
0.836922
0.724704
0.417112
0.330065
0.540867
0.558335
0.421573
0.657326
0.769645
0.723318
0.572184
0.861451
1.39634
0.869611
1.12193
1.36251
1.09485
0.833699
0.878519
0.750249
0.960175
1.3888
0.997517
0.671318
1.3471
0.717122
1.11696
0.886012
1.03278
1.23983
0.953308
1.12185
1.01791
0.985312
0.934285
1.24307
1.29965
0.897649
1.11198
1.16076
0.559139
1.0962
1.00354
0.734858
0.974083
1.04471
0.490736
0.899191
1.08837
1.33905
1.18011
1.0592
0.759053
0.991019
1.18692
1.23933
0.91236
1.09187
0.915342
0.723463
0.674499
1.09935
0.920292
1.00917
1.02013
0.870688
1.13737
1.27632
0.993861
1.15762
1.05774
0.718731
0.847022
0.614356
0.767479
0.695948
0.703248
0.915401
0.730137
0.944001
0.616938
0.908812
0.78766
0.994851
0.659602
0.926412
1.21539
1.24054
1.0076
1.32063
1.33203
1.02724
0.721938
0.813607
0.489645
0.92567
0.845871
0.932866
0.929105
0.859943
0.461928
0.67944
0.990211
1.03255
0.971884
0.763453
1.1727
0.680248
1.2097
1.08905
1.10491
0.984233
0.731357
1.03086
1.19835
1.30863
0.681048
1.19943
0.838725
0.72333
0.998836
1.05302
1.05165
0.976955
1.24785
1.05522
0.947446
0.954292
0.802121
1.01328
0.814993
1.04797
1.15724
1.18194
1.00542
1.13841
0.918533
1.11442
0.848654
1.08819
0.987491
1.29615
0.680028
1.07367
1.11686
0.844981
0.877996
1.20344
0.629544
0.782363
1.06102
0.663494
0.886016
1.13029
0.68989
1.1766
0.832407
0.96502
1.10253
0.694832
0.813182
0.739417
0.53256
0.797201
1.06693
1.21981
0.972204
1.0497
0.99244
1.04473
1.19388
0.937018
0.832072
0.860586
0.918284
0.670328
0.99041
0.825454
1.08315
1.42889
0.799879
0.949723
0.898582
0.803381
0.720073
0.829216
1.13423
0.857308
0.976077
1.11035
0.938039
0.730042
0.973559
0.696702
0.553474
0.988695
1.0256
0.913625
0.875381
0.939194
1.04212
0.879492
1.03907
0.644804
1.12353
1.01236
0.898835
0.786684
0.823481
1.16536
1.33838
0.66182
1.11469
0.766265
0.774019
1.05158
0.858091
1.05338
0.796102
1.12261
0.918769
0.805973
0.673647
1.28662
0.903868
0.970364
0.911562
1.31977
0.904077
0.828076
1.11429
0.844666
0.780323
0.521163
0.870212
1.05681
0.79459
1.14417
1.19034
0.705266
1.08229
0.894186
0.994582
0.980185
1.24632
0.960068
1.2235
1.06991
0.922661
0.729041
1.0685
1.08495
0.708812
0.484625
0.645864
1.08751
1.10026
1.22513
0.700904
0.661588
0.72818
0.53251
0.910886
1.00536
1.00438
1.06896
0.795682
0.782395
0.655776
1.25792
1.18009
0.975406
0.855657
0.847612
1.07026
0.671685
0.511595
0.721838
0.929672
0.617606
1.17288
0.95413
0.999099
1.24876
1.05296
0.933482
1.03144
1.11007
1.29994
1.09377
0.688702
0.813665
1.16504
1.24781
1.05593
0.91991
0.866418
0.828038
1.03451
1.08026
1.09983
0.954547
0.958011
0.698022
0.801135
0.532781
0.925825
0.826967
0.791967
0.734977
0.933155
1.06157
0.625888
1.22913
1.07809
1.00733
1.22232
1.195
1.12101
0.985569
0.803273
0.980472
1.03524
1.05546
1.17454
1.11053
0.870173
0.984688
0.926698
0.976708
0.859239
0.973756
0.936935
1.24385
0.967622
1.28719
1.3456
1.1981
1.3211
0.927258
1.09875
1.2244
0.536049
0.85327
0.429743
0.799355
1.07232
0.780349
0.834057
0.585875
0.575227
0.679836
0.884872
0.835327
0.827837
0.475983
0.807023
0.639014
1.18144
0.881049
1.23335
0.881955
1.19766
1.28381
1.02844
0.697875
1.09617
0.788021
1.11063
0.856955
0.849759
0.953879
0.900126
0.799956
0.683597
0.844361
0.83233
1.0146
1.11712
0.719182
0.806551
0.892418
0.797178
0.959686
0.459024
0.96743
1.29151
0.754312
0.496159
0.635832
1.14147
0.590495
1.1254
0.824135
0.915859
0.824443
0.61243
0.69554
0.77083
0.817473
0.987258
0.950305
0.972692
0.888225
0.551577
0.923637
1.14576
0.739542
0.852547
0.982876
0.98785
0.829305
0.582328
0.557754
1.23605
0.902725
1.30744
0.909641
1.35922
1.35683
1.18127
1.02812
0.790395
1.0946
0.844082
0.742193
1.38069
0.794133
1.2833
1.01633
0.889626
0.997227
1.05496
1.01943
0.76462
0.885237
0.70433
0.811823
0.617672
0.40525
0.873907
0.834254
1.12003
0.647183
0.87684
0.954117
0.923362
0.997463
0.630564
1.0228
0.962579
0.862847
0.904253
0.886162
1.1723
0.969518
0.875881
1.0799
0.793916
0.753695
1.13686
0.817855
0.792343
0.50776
0.772495
0.911572
1.07795
0.569796
0.910823
1.33292
0.899024
1.01559
0.680219
0.591206
0.782472
0.898107
0.501459
0.990877
0.723746
0.777545
0.636033
0.405393
0.663006
0.64902
0.796304
0.785188
0.90771
0.722216
0.586809
0.850263
0.588056
1.28699
0.831985
1.00286
1.13358
1.13938
0.778981
1.06524
1.26132
1.18096
1.14125
0.585117
0.91932
0.57488
0.948362
0.892041
1.20621
1.04451
1.07264
0.938998
0.762442
0.815833
0.384868
1.09923
0.78471
1.18465
0.631827
1.01474
0.982369
0.756713
1.0774
0.444005
1.17285
0.899893
1.22366
0.90769
0.965661
1.27465
0.772676
1.08802
1.39809
1.18756
0.978934
0.888177
1.28585
0.931603
0.974851
0.863727
1.08503
0.706614
0.767932
0.770681
1.22252
0.969536
1.07088
0.802604
0.713595
1.22013
1.03219
1.34657
1.24425
0.909875
0.604312
0.949135
0.853011
0.721358
0.820029
0.970054
1.05011
1.25191
0.719241
0.563804
1.20475
0.771539
1.13527
1.15726
1.07017
0.79466
1.24099
0.908542
1.43847
1.02924
0.947327
1.21784
0.896794
1.05666
0.837781
1.10827
0.821645
0.663705
0.678623
1.25251
0.940693
0.835668
1.19031
0.962975
1.10499
1.02067
0.890525
0.754682
0.612318
0.75012
0.870223
1.08985
0.9814
0.625223
0.86084
0.904979
1.15192
0.827165
1.09337
0.445312
0.929966
0.829266
0.851356
0.985227
0.680406
1.13083
0.56396
1.09815
1.09089
0.719199
0.893441
1.1156
0.66904
1.10391
0.432161
0.959087
0.78862
0.677704
0.891508
0.616186
0.963039
0.9857
0.737542
0.959172
1.11321
1.18651
0.956614
0.782402
1.09071
0.639195
1.02022
0.976701
0.996408
1.27002
0.873272
0.447996
0.83789
0.985161
1.14756
0.86408
0.458347
0.725558
1.10008
1.0164
1.03164
0.971298
0.920083
1.02006
0.98288
0.447176
1.1866
1.32569
0.975409
0.664861
0.917787
1.10289
0.887936
1.15765
0.757774
1.17982
1.22669
0.793066
1.19111
0.919932
1.14205
1.06678
0.899065
1.11942
0.998166
0.75758
0.986307
1.19359
1.06669
0.934341
0.747392
1.16608
0.967213
0.931028
1.14469
1.38057
0.783623
0.773988
1.07239
0.780598
1.11475
1.26078
0.842528
1.26164
1.0461
1.12533
0.947757
1.27633
1.22661
1.15518
0.855944
0.840059
1.16877
1.0828
0.997495
1.14339
0.555191
0.385275
0.373735
0.57329
0.486706
0.496448
0.673997
0.484297
0.394434
0.640494
0.95072
1.2004
1.01569
0.821527
0.926205
0.98032
1.13531
0.876478
1.05104
0.618792
1.08607
1.34334
1.4906
1.36657
1.09901
0.658985
0.881038
0.578983
1.36544
0.937596
1.03567
1.0087
0.734645
0.969741
0.703837
0.987682
1.24069
1.07329
1.26465
1.10333
0.933971
1.17671
1.18764
0.930684
0.846894
1.03855
1.00489
1.0148
0.905145
0.956336
1.21604
0.820079
1.09768
0.827981
0.763275
1.04149
0.688812
0.726069
1.14298
0.69115
0.929519
1.05184
0.637645
1.01726
1.25147
1.05165
1.03712
1.01689
1.23123
0.624767
0.549177
0.613225
0.438743
0.558246
0.636576
0.453174
0.624476
0.495774
0.45122
0.558025
0.765616
0.855819
0.760273
0.776538
0.869758
0.970435
0.671148
1.04986
1.2079
1.01074
0.568022
1.14693
1.18325
0.767762
0.916982
0.597427
0.487468
0.898039
1.14381
0.914533
0.884912
0.809126
0.709023
0.900883
1.03203
0.776254
0.758018
0.83828
0.920671
0.577413
0.600874
1.01346
1.06129
0.916555
0.737196
0.679928
1.05968
1.21221
1.44508
0.912557
1.0337
1.084
1.26152
0.778148
0.993385
0.958608
1.05158
0.873552
0.98079
0.996139
0.990824
1.30909
0.934501
1.13934
1.10467
1.14103
1.21127
1.26455
0.885936
0.810788
0.918999
1.26197
1.17774
0.953424
0.792618
0.802118
1.19379
0.842317
0.724439
0.735371
0.660768
0.729437
0.935832
0.915297
0.474314
0.631504
0.508278
0.865132
1.06947
1.04132
0.303203
0.564099
0.65718
0.859827
0.705703
1.05253
1.32314
0.824561
1.00169
0.646525
0.961258
0.949253
1.09751
0.917802
1.05827
1.09453
0.84463
0.801291
1.14181
0.785324
0.807973
1.09794
0.909129
0.972305
0.606391
0.484399
0.573972
0.920572
1.05991
0.4183
0.969231
1.32132
0.706082
1.08114
0.898467
1.18794
0.756738
0.724082
0.81426
0.875202
0.784209
1.23296
1.26566
0.924219
0.98578
1.13674
1.20423
1.07243
1.01766
0.702743
0.797716
1.06979
0.981704
0.912794
1.19342
0.995764
0.666338
1.10994
0.891712
0.488492
1.0236
1.29094
1.01403
1.10066
1.15347
0.973015
0.835861
0.999293
1.05495
1.0911
1.03527
1.10816
1.22376
1.01414
0.841524
1.09848
0.945024
1.11399
0.996866
1.23333
0.970304
0.915336
1.26063
1.0201
1.36075
1.09513
0.794226
0.750854
0.809555
0.63369
0.790088
0.877543
0.996241
0.966263
1.32988
1.19832
0.796325
0.758062
0.936003
0.94787
0.944516
1.06233
1.09427
0.891193
1.01563
0.965848
0.744404
1.08421
0.726339
0.974654
1.27252
1.08537
1.31171
0.898645
0.766821
0.956622
0.971017
1.09072
1.01962
0.981377
0.732886
0.767038
0.57328
0.931879
0.964982
0.712444
0.583839
1.01213
1.32375
1.16216
0.89615
0.785745
1.01685
0.999121
0.95269
0.90585
0.917684
0.89078
0.891415
0.487892
0.656416
1.11137
1.14394
0.450472
0.830487
0.642423
0.683751
0.794908
0.67327
0.603778
0.988169
0.754753
1.08248
1.18485
1.16353
1.09467
0.980837
1.02978
0.930323
0.790488
1.0034
1.44719
1.26743
0.970753
0.951534
1.01793
1.19476
0.755008
0.880109
0.961993
0.902937
0.964614
1.2648
0.785997
0.841883
1.05865
1.0682
1.0004
0.899126
0.809629
0.891232
1.06101
1.03467
1.39251
1.22546
0.660088
1.11655
0.777525
0.710389
0.809167
0.634332
0.648474
0.971124
0.82356
0.64699
0.611813
0.597362
0.976502
0.558201
1.09438
0.956802
0.750586
1.13408
0.904512
0.875979
0.665701
1.00621
1.14665
0.639217
0.982618
0.537583
0.996739
0.930573
0.824442
0.656652
0.535283
0.635808
1.02032
0.968807
0.607186
1.04962
1.29295
0.955481
1.07811
0.782062
0.91389
1.25856
0.90364
0.958338
1.20587
1.17938
0.926902
1.10564
1.18502
1.17429
1.18704
1.24151
0.790256
1.44
0.792715
0.487205
0.74785
0.941079
0.923039
0.919999
0.462032
0.942693
0.855829
0.802561
0.849431
0.618163
0.763415
0.685347
0.957531
0.774614
0.753378
0.959912
0.94429
1.07766
0.631429
0.703386
0.997915
0.963387
1.03909
0.989241
0.819838
0.638082
0.821858
0.487902
0.69031
0.994067
1.08871
0.63721
1.16614
1.34431
0.924289
0.935946
0.992983
0.854367
0.806743
0.783115
1.41862
0.889989
0.924071
0.616804
0.673457
0.841843
1.15245
0.831651
0.969333
1.31386
1.08177
1.00337
1.31688
1.09932
0.662004
0.592893
1.18749
1.01723
0.995765
0.671596
0.775643
1.0093
1.03813
1.1056
1.06937
1.38764
0.71866
0.637405
0.834422
0.568763
1.11802
1.09578
1.14528
1.30302
1.17896
1.40476
1.05564
0.846647
0.588388
0.926038
1.08861
0.854259
0.758979
0.578692
0.628904
0.807926
1.0425
0.97069
1.23604
1.08488
0.9354
1.23991
1.0326
1.00987
0.594714
0.924068
0.84023
0.919111
1.3024
1.01487
1.20963
1.12653
0.91414
0.981011
0.885353
0.643897
0.897334
0.60542
1.10838
0.775604
1.06425
0.974595
1.00118
1.07159
0.491019
0.770912
0.6982
0.928749
0.806564
1.17909
1.21613
1.00521
1.15232
1.03444
1.03168
1.06811
1.02316
1.2471
1.25143
0.990367
0.712117
0.795997
0.881403
0.77871
0.886872
0.653662
1.09032
1.13877
1.02584
1.3089
0.744505
1.06102
1.06935
0.900775
0.897131
0.801664
0.968923
0.601766
0.869559
0.917177
0.761747
1.02683
0.814341
1.02025
1.0154
1.06991
0.903679
1.33152
1.16005
0.67541
1.11065
0.886935
0.877086
1.23347
0.976825
1.06975
1.03867
0.733739
1.10842
1.27041
0.937294
1.09279
1.32111
1.09344
1.31494
1.03558
1.1839
0.805576
1.03732
0.726672
0.752838
0.874953
0.907977
0.660814
0.910821
1.38327
1.10495
0.835412
0.704375
0.814325
1.25329
1.24083
1.03994
1.11516
0.684027
1.23345
1.32103
1.17388
0.843373
1.39024
1.01634
0.941693
0.557031
0.831669
0.668909
0.750691
0.906183
1.30604
1.03951
1.15573
0.964933
0.959025
1.24817
1.23595
1.20897
0.697023
1.09178
0.573819
0.761948
0.634982
0.92105
1.23995
0.847305
0.824764
1.09809
1.21222
0.773853
0.82961
0.629637
1.05101
1.06581
0.897228
1.07038
0.905945
0.659502
0.301998
0.871434
0.818006
0.921749
0.98051
0.852726
1.00954
1.01427
0.92587
0.971622
0.581736
1.14992
1.25437
0.587114
1.08194
0.739731
0.793741
0.987052
0.862814
0.353764
0.580596
0.903984
0.454533
0.967894
0.917325
1.24309
1.22795
1.15419
1.27509
1.29149
1.16858
1.06722
0.875509
0.763287
0.717927
0.851559
0.72732
1.01462
1.01892
1.02475
0.918205
0.657322
0.668797
1.01517
0.801574
1.39081
1.08907
1.25074
1.26784
0.764342
0.987615
1.08524
1.28702
0.776962
0.632874
0.774014
0.485728
0.453339
0.814559
0.484303
0.854832
0.94014
1.12806
0.744041
0.874128
0.847197
0.948413
1.05184
0.549568
0.850372
1.11121
1.07901
1.16977
0.948382
0.688993
1.1642
1.22265
1.13982
1.06447
1.05749
1.04097
1.29121
1.03686
0.976156
0.878241
0.749192
0.777634
1.17008
1.2392
1.14084
0.983626
1.01577
0.738272
1.22723
1.19561
0.682693
0.794098
0.557607
0.975938
0.893493
1.25812
1.09054
0.813415
0.918637
0.773742
0.895907
1.02256
0.856838
1.23569
0.99549
0.717508
1.10094
0.895068
0.702399
0.584683
0.849405
1.0421
1.06846
0.910528
1.2854
0.956011
0.866254
0.848923
0.764437
0.54111
1.19168
1.15103
1.40113
1.23813
1.05845
0.910975
1.18269
1.32669
0.594389
0.558416
0.601717
0.658154
0.638783
0.886792
0.666034
0.693572
0.76045
0.648912
0.680129
1.25334
1.18871
1.07777
0.838883
1.04978
1.13982
1.04704
1.31873
0.79076
0.993018
0.892619
1.15638
1.075
1.0802
1.07938
1.28167
1.12101
1.19251
0.918
1.12913
1.06824
1.33312
1.20766
0.806366
1.08814
1.02317
1.06218
0.705486
1.00771
1.01864
0.412306
0.490004
0.786104
0.905545
0.80268
0.661402
0.990838
0.743107
0.795088
0.561614
1.02676
1.08593
0.851997
0.831872
0.980585
1.37563
1.34233
0.923785
0.946247
0.961874
0.923977
1.07914
1.02282
0.946538
0.697075
1.01625
0.755285
0.820876
0.871316
0.935482
0.83339
0.958054
1.28026
0.792713
0.786834
0.764351
1.24125
1.11216
1.03265
0.977174
1.10199
1.02477
0.805134
1.00656
0.863064
0.767939
1.1457
0.62904
0.621727
1.21432
0.885935
0.655411
0.74606
0.608561
0.979907
0.87459
0.94623
0.769405
1.21807
1.03796
0.73991
1.11121
1.00932
0.650347
0.843256
0.448449
0.668605
0.648432
0.677107
0.59633
0.833275
0.896049
0.753351
0.824123
0.600803
0.916261
0.848543
0.902526
1.17616
0.924116
0.987237
1.05515
0.747544
0.861662
0.655151
0.917593
0.560597
0.634497
0.950808
1.20587
1.53786
1.07279
0.839424
1.08904
1.0863
0.635768
1.35469
0.600264
1.32036
0.897798
0.909819
0.876025
0.71646
1.00821
1.34521
1.21564
0.988294
0.930917
0.919159
1.06595
1.02523
0.711045
0.615985
0.86528
0.816721
0.857114
1.13961
1.11949
1.27019
1.08401
0.899803
0.910308
1.05795
1.07385
1.09615
0.846725
1.07883
1.28744
1.14741
0.898212
0.807173
0.770366
0.961664
0.8688
0.991994
1.19398
0.982081
1.17771
1.0474
0.586097
1.08374
1.03152
0.720501
1.1147
0.758558
1.1003
0.993173
1.07454
0.727429
1.33997
0.807386
0.775284
0.695504
0.577592
1.12847
0.616695
0.915233
0.907817
0.685998
0.774665
0.757993
1.06597
0.869058
1.0242
1.14062
1.22382
1.3196
1.32427
0.791038
0.98924
0.652763
0.722494
1.16127
0.766952
0.835278
0.771234
0.984767
0.885471
0.948265
0.865725
1.02243
1.04545
0.581419
0.814884
0.815732
1.19025
1.15817
0.9804
1.16957
1.22008
0.900388
0.708968
0.7264
1.06722
1.28454
1.16129
0.872522
1.09345
1.09709
0.758805
0.574019
0.935192
0.759229
0.726162
0.95792
0.683103
1.17244
0.993434
0.968524
1.0306
1.00468
0.692737
0.949437
0.936494
1.09448
0.575969
1.05766
0.699046
0.810844
1.16893
1.01643
0.965911
1.17828
0.914478
1.18989
0.974932
0.682049
0.867085
0.886915
0.961944
0.743852
1.08456
1.36822
1.01224
1.43414
0.950015
0.898378
0.829139
1.24343
0.657595
0.683541
1.11525
0.811945
0.787718
0.733455
1.09003
0.754834
0.99984
0.978627
0.861872
0.965971
0.929225
0.795576
1.14945
1.10548
1.17916
1.29449
0.968582
1.28242
0.95746
1.25734
1.0641
1.00338
0.785042
1.2063
1.02715
1.04656
0.771193
0.745216
0.945785
1.06282
0.781842
1.2834
0.828311
0.862236
0.850043
1.03176
0.234885
0.794472
0.905239
0.980591
0.982849
1.05314
1.13421
1.27571
0.910542
0.992297
0.772684
0.786884
0.867969
0.635725
0.954387
0.987833
0.867036
1.04481
1.18687
1.3035
1.30891
0.896532
0.806709
0.526548
0.794191
0.418618
0.3849
0.845813
1.05372
0.841689
1.07621
0.761945
0.614244
1.11331
1.05228
1.3176
0.893537
0.911324
0.657411
0.920347
1.13128
1.01096
1.19179
1.01573
1.07319
1.06625
1.09191
0.576412
0.644702
0.791755
0.460438
0.525718
1.00208
0.482982
0.862313
0.92603
0.908145
0.765334
0.852218
0.896147
0.840314
1.23977
0.849134
0.344949
0.456567
1.00756
0.96637
0.930178
0.891992
0.883646
1.03519
0.907499
0.94417
0.609053
0.698345
0.514389
1.29849
0.924405
0.994351
0.975537
0.989869
0.913534
0.923143
1.17865
0.576514
0.875254
0.775854
1.03555
1.22784
0.932583
0.91624
1.01796
1.09872
0.498742
0.342999
0.654999
0.964438
1.09538
1.08506
0.887737
1.22363
0.83404
0.892361
0.809104
0.68836
0.856386
1.10708
0.973218
0.732013
1.09064
1.26352
1.01832
0.796152
0.975924
1.03231
1.06218
1.02649
1.2565
1.11927
0.709772
0.99892
1.25166
1.07137
1.0027
1.25244
1.21949
0.856257
1.21511
1.08602
0.669422
0.651712
0.983851
1.0754
0.83423
0.929406
0.984887
1.06248
1.06407
1.14959
1.0702
1.39752
1.17958
1.19308
0.458361
0.974899
1.18512
0.813268
0.936007
0.889696
1.13863
1.14517
1.12888
1.24013
0.740652
1.19951
0.848755
1.01505
0.91421
1.23509
0.955466
0.82615
0.632129
1.28022
0.832046
1.19954
1.00678
1.06368
0.885408
1.04144
0.972128
1.22208
1.05779
0.960143
0.958044
1.18751
0.910483
0.909547
1.01349
0.769917
1.2198
1.01513
1.16758
1.04718
1.09555
1.03412
1.19025
0.842829
0.690778
0.905672
0.744987
0.962845
0.790563
0.735846
0.986798
0.982958
0.823071
1.05353
1.12376
0.980888
0.975432
0.411373
0.625728
1.16836
0.835818
1.21623
0.960427
0.907548
0.97078
1.0526
1.1417
1.09876
0.672946
0.848354
0.469963
0.368656
0.718179
0.977484
0.726943
0.825552
0.973001
0.744069
0.787615
0.711637
1.1742
1.02008
0.96569
1.00762
0.721204
0.884514
0.861648
0.905516
0.894023
0.51273
1.07863
0.661055
1.13766
0.716516
1.11894
1.00921
0.891412
0.51305
0.724987
0.991615
0.56193
0.942347
1.2449
0.804997
0.797931
0.738037
0.893975
0.651752
0.982202
1.02289
0.931241
1.07645
0.419488
0.682614
0.683053
0.678918
0.798504
1.14503
1.16046
0.818371
0.978108
0.92297
0.579135
1.14879
1.16893
0.927059
0.983718
0.562352
0.882032
0.952281
0.996335
1.20136
1.09656
1.18955
0.80821
1.35577
0.881385
0.914157
0.648535
1.14533
0.906889
0.696803
0.894235
0.709487
0.978005
0.900136
1.0262
0.783417
1.01796
0.809237
0.951673
0.770762
0.816094
0.630546
1.01077
0.527484
0.679257
0.592125
0.919008
0.798936
1.08652
0.817057
0.793443
0.981608
1.18296
1.02467
1.27608
1.01065
0.635451
0.764226
1.01471
1.04603
0.872231
0.908004
0.551001
0.654299
0.54168
0.987778
0.770172
1.27704
1.09952
0.995565
0.935292
0.842586
0.726349
0.71343
0.945305
0.8992
0.730713
0.570339
0.909911
1.08994
1.00423
0.659272
0.986482
0.936117
1.32691
1.10705
0.968669
1.11625
0.626148
0.957378
0.766222
0.561426
0.996188
0.815827
0.856736
0.872931
0.877094
0.551524
0.858547
1.1948
0.793627
0.827415
0.782751
0.779813
0.85298
0.794199
1.24058
0.910134
0.590323
0.685031
0.720404
1.09578
1.17694
1.00161
1.32149
0.865575
0.980915
0.666571
0.797289
1.02073
0.779803
0.861128
0.937767
0.58421
0.995836
1.04421
0.709275
0.799287
0.583526
0.92109
1.08366
1.05915
1.25987
1.2122
0.904098
0.776359
1.18029
0.404486
0.591911
0.857273
0.970784
1.22763
0.894689
1.06578
0.972747
0.900955
0.851731
1.08778
1.0911
1.24388
1.53285
1.35063
1.04572
1.48349
0.761886
1.22303
0.975439
0.5504
0.888342
0.83046
0.560633
0.842635
1.04141
0.33186
0.861747
0.98005
1.33681
0.648421
0.893756
0.864975
0.671638
0.815248
0.804304
0.962371
0.702628
0.799278
0.697793
0.846615
0.281144
0.308439
0.425975
0.512522
0.569459
0.467763
0.277963
0.532424
0.34637
0.469218
1.04065
1.11854
1.00748
0.746149
1.10652
0.876582
0.944327
1.28455
1.08604
0.830135
1.13672
1.12802
0.781708
0.718946
1.32427
1.0135
0.825397
1.17483
0.996196
1.07312
0.664266
0.983506
1.0725
1.12762
1.03036
1.22519
0.836453
0.903652
0.696558
1.13833
1.04566
0.704025
1.28
0.877879
0.627448
0.664176
0.878156
0.477461
1.02614
0.780135
0.853636
1.19565
1.29726
0.802005
1.13239
0.829959
0.601468
1.15625
1.17946
0.582069
0.753235
0.852684
0.842149
1.14177
1.24122
0.997358
1.21901
1.11881
1.13648
0.673964
0.73402
0.746827
0.785129
0.780201
1.08183
1.00556
0.967419
1.01432
0.551138
0.675711
0.912128
0.549831
0.863743
1.06242
0.700676
0.844749
0.626419
0.762298
0.869311
1.09431
0.825149
0.688538
0.823505
0.892542
0.885983
0.887673
0.467015
0.638627
0.699592
1.41516
0.463483
1.03907
0.922328
0.743028
0.643029
0.664628
0.624243
1.18228
0.684219
0.336403
0.757867
0.878342
1.23533
1.25253
1.24257
1.27808
1.19643
0.982994
1.02351
1.02219
0.8337
0.934453
0.639603
0.76313
0.99123
1.02359
1.00523
1.08606
0.880061
1.01908
0.893505
0.982389
1.23914
1.33518
1.07567
0.891963
1.13675
0.885532
0.92684
0.75815
0.952113
0.706724
1.01611
0.915288
0.674114
1.04964
0.999784
1.07262
1.19208
0.95181
1.30677
0.909762
1.072
0.961579
1.19323
1.15359
0.607663
0.98916
1.08721
1.12758
0.839626
0.712334
0.735329
1.24287
1.22579
1.26149
1.41674
0.996637
1.02522
0.745055
0.744587
1.06463
0.946944
0.829568
0.695154
0.753085
0.962314
1.04475
0.775145
0.753218
0.74008
0.92129
1.00581
0.961579
0.861773
1.28399
0.766064
1.01169
1.02775
0.832911
0.960407
1.21865
1.10088
0.687852
0.956275
0.804726
0.826388
0.498224
0.820026
1.19554
0.738615
0.383128
0.492407
0.692272
0.303018
0.901892
1.00255
0.79642
0.977019
0.561805
0.948407
1.31333
0.78721
1.04064
1.10698
1.03491
1.16066
1.17586
1.09746
0.962746
0.965427
0.883095
0.815428
0.877803
0.614979
0.745025
0.805346
0.766943
0.61412
0.947418
1.02501
1.02018
0.948901
1.29174
0.941334
1.13644
1.0109
1.3456
1.17873
0.599223
1.35551
0.918233
0.974961
0.872565
0.932282
0.725719
0.859589
0.827868
1.00533
0.836034
0.846992
0.928732
0.595131
1.0057
0.879126
1.17251
0.738024
0.845846
0.589614
0.943972
0.812863
0.765035
1.27288
1.02914
1.34702
1.418
1.11056
0.891948
0.829896
0.652033
0.727225
0.796704
1.41054
0.948678
0.799435
1.18064
1.06125
1.24752
1.35214
0.726692
0.952205
0.95664
1.19029
1.12126
0.99615
1.06889
1.39548
1.27942
1.09305
0.784626
0.715469
1.17914
0.873522
1.09889
1.25189
1.14618
1.22302
0.975436
0.822534
0.514735
0.742265
0.823639
0.767571
0.728327
0.991092
0.917122
1.10126
0.798042
0.959783
1.05061
0.29624
0.572643
0.75994
0.943631
0.894711
0.799651
0.792111
0.939916
0.66743
0.507164
0.89097
0.88667
1.03023
0.92119
0.725863
0.628689
1.10379
1.04377
0.810089
1.02813
1.28213
0.916949
0.765108
1.09791
1.26562
1.04106
0.867914
0.898769
0.978114
1.11796
0.713801
0.592686
1.04327
1.02801
0.786602
1.04696
0.608885
1.01053
0.869203
0.768248
1.28424
0.874291
0.534196
0.768852
1.00875
0.511948
0.728616
1.29909
0.99633
0.656882
0.951039
1.06085
0.860069
0.840008
0.924266
1.10963
1.07671
1.00661
1.21987
1.07617
0.971981
0.80609
0.567038
0.770932
0.890663
1.00138
0.826192
0.943179
1.02947
0.620751
0.868646
1.0355
0.800614
0.959357
1.12547
0.981695
0.921264
0.916375
0.574249
1.15369
1.02568
1.08711
1.35379
1.05035
0.695047
0.851723
1.27282
1.25444
1.00757
0.931576
0.605308
0.593604
0.514357
0.540961
0.812874
0.94329
1.35265
0.972399
1.03826
0.538712
0.73563
0.970461
0.832515
0.845774
1.01362
1.23867
0.926565
0.771188
1.15393
0.926601
0.908365
0.927007
0.893437
1.08506
0.931553
0.987373
1.05799
0.835317
0.908564
1.31886
0.80985
0.469047
0.637288
0.719383
0.808228
1.11215
0.758494
0.858671
0.899153
1.0059
1.01921
1.08694
1.04749
0.774276
1.30573
0.881708
0.905318
1.07456
1.06059
1.08053
0.559949
0.601306
0.663885
0.925493
1.06935
0.770623
0.893916
0.853638
1.12095
0.922468
0.943459
0.90914
1.04253
0.842725
0.833609
0.844018
1.0557
0.847535
0.909852
0.616463
1.15992
1.15794
0.864844
1.23495
0.878608
0.665382
0.852134
0.977589
1.17786
1.1468
0.63787
0.436668
0.639986
0.64154
0.974491
1.30896
1.05593
1.17122
0.985715
0.638856
1.0687
1.31493
0.982693
1.38083
1.05604
0.823362
1.00525
0.964328
0.802017
0.898027
1.20013
0.810077
0.952552
1.10474
0.855954
1.0765
1.22842
1.2049
0.987437
0.74237
1.00818
0.936838
0.816567
1.07359
1.08825
0.987866
0.957133
1.04804
0.843019
0.71766
1.01251
0.905462
1.01574
1.29469
1.13112
1.32206
1.06702
1.05507
1.35363
0.954563
1.1798
1.0201
1.03649
0.870629
0.617579
1.05108
1.04417
0.979745
0.985121
0.961203
1.01331
1.21916
1.1153
1.09507
0.925916
1.05043
0.932607
1.19927
0.704288
0.965002
0.894597
1.01355
0.983235
0.871205
1.11438
1.25879
1.27205
1.15418
1.27256
0.62742
0.982833
0.991307
1.05883
0.892475
0.886896
0.944559
0.606079
1.00793
1.26923
0.792994
0.694219
0.747873
1.25754
1.28954
0.969031
0.871079
1.03024
1.05043
1.07541
0.602245
0.790763
0.712159
0.691271
0.710621
0.984976
1.04153
1.00483
1.2351
1.05591
0.451857
1.01851
1.07738
1.28893
1.17584
1.25513
0.82099
0.713992
0.84074
1.23301
1.03453
0.838126
0.912108
0.860079
1.31393
0.987196
1.20681
0.915481
1.06907
1.39326
0.91749
1.16066
0.875803
0.596124
1.05169
1.03607
1.02328
1.17408
0.783276
1.19689
1.07198
0.616034
0.980633
0.861813
0.995791
0.992559
1.19884
0.563123
0.831445
0.751192
0.662262
0.903444
0.794536
1.10521
1.06439
0.702329
0.929416
0.546987
1.1438
1.01836
1.11989
1.32873
1.46303
1.15727
1.11239
1.3564
1.38127
1.08638
1.35042
1.07569
1.16637
0.595431
0.921361
0.898288
1.19461
0.944318
0.761335
0.907765
1.01379
1.17086
0.95982
1.20126
1.07535
1.165
1.01531
1.28464
0.925837
1.1365
1.09738
0.944175
0.829269
0.635851
0.578323
0.864535
0.991019
1.38339
1.00231
0.937099
0.851145
1.31382
0.639289
0.615691
0.744655
0.618241
0.933524
1.02014
0.582412
0.614468
1.06621
1.00779
0.774417
0.786405
0.728374
0.761167
0.812035
0.651861
0.813481
0.763064
1.13104
0.958898
0.768227
0.942297
1.15956
1.19073
1.27565
0.886631
1.19838
1.21956
0.74676
1.05053
0.954682
0.787582
0.687031
0.779753
1.1025
1.00042
1.00941
1.1187
1.0657
1.17096
0.928228
0.801443
1.06964
0.794844
0.969212
0.712839
0.676981
1.10886
0.840899
1.09146
1.00275
0.734602
0.946051
0.845299
0.497974
0.342039
0.705336
0.723342
0.694746
0.767992
0.717396
1.35723
0.795457
1.23109
1.07392
1.22589
1.44497
1.15736
1.04989
0.81303
1.02335
1.39669
1.31636
1.38955
1.04
1.05922
1.03612
0.491231
0.771665
1.38684
1.19372
1.11621
0.704403
0.988698
1.11458
1.18157
0.94664
1.10833
0.95228
0.830844
1.26163
0.895695
1.22355
1.01799
1.02852
0.903651
1.43332
1.13831
1.01217
0.695403
0.749758
0.830129
1.0834
1.33952
1.19038
0.690065
1.19399
1.13202
1.04303
1.07695
1.03331
1.32481
1.11196
0.869004
0.967504
0.810193
1.04862
1.02252
0.687284
0.572389
1.26032
0.826203
0.93805
0.559165
1.07414
0.894113
0.791715
0.632076
0.926225
0.70029
1.29432
0.905464
1.09687
0.995647
0.690423
0.685424
0.874723
0.960226
1.12991
1.39582
1.27332
0.67788
1.14941
0.974938
0.950383
1.0895
1.08242
1.25954
0.848587
0.719195
0.873798
1.19667
1.13266
1.09478
0.659671
1.02178
1.22387
0.984173
1.10244
0.685393
0.834988
0.767049
0.776062
1.21515
0.945926
0.825974
0.65464
0.525445
1.08462
0.857682
1.15721
0.607189
0.417012
0.608324
0.462052
0.901675
1.07402
0.905628
0.853671
0.978789
0.696345
0.700205
1.14946
0.697333
0.839322
0.767534
0.864976
0.880118
0.899138
0.69625
0.568714
1.31573
0.906798
0.79529
0.600427
0.929309
1.14339
1.05082
1.16445
0.966152
0.964747
0.95474
1.13767
1.05941
0.821651
0.944881
1.18513
0.307048
0.733027
0.823177
1.06576
0.901849
0.674192
1.06328
0.96922
1.18609
1.0158
0.673324
0.565754
0.440684
0.919396
0.673276
0.885286
0.658888
0.844308
0.810692
0.573083
0.490083
0.87278
0.691561
0.888226
0.857099
1.0572
0.735529
0.638271
0.750877
0.746234
0.870237
0.754103
1.01777
0.631974
1.38471
0.785607
0.861332
0.960665
0.713282
1.24247
1.21509
0.874278
0.860441
1.05093
0.829355
0.710538
0.734561
1.07051
1.00917
0.755429
0.943771
0.932453
1.13345
0.70218
0.641696
1.01496
0.981229
0.920326
0.561778
0.875185
0.879953
0.717517
0.91956
0.817646
1.19403
1.06897
1.30111
0.791618
0.632599
0.499891
0.709803
0.997709
0.93976
1.07453
1.0268
1.26371
0.692653
0.806473
0.805689
0.86254
1.0558
0.901799
1.17576
0.838184
0.741034
0.938875
0.835688
0.595774
0.635072
0.392693
0.587757
0.563895
0.899904
1.00939
0.507974
0.758608
0.714568
0.776836
0.854307
0.692708
1.07017
0.877876
0.984633
0.944767
0.779575
0.588773
0.653772
1.08306
1.1163
1.0306
1.02701
1.19061
0.782216
0.950248
0.989899
1.1413
0.925631
1.14911
1.00523
0.960185
1.23653
1.2376
0.962354
1.02233
1.34193
1.11906
1.13564
1.14402
1.045
1.18358
1.14537
1.29492
1.0528
1.22318
1.06659
0.887358
1.19545
0.94385
0.910764
1.39002
0.917977
1.0796
0.689171
1.08649
0.910448
0.877443
1.09918
1.22584
1.13697
0.941337
1.01665
0.964702
0.843533
0.842633
1.08592
0.898734
0.565485
0.688735
0.826948
0.9761
0.763268
0.685758
0.972405
0.883317
0.681864
0.274784
0.644211
0.496541
0.721412
0.627858
0.264599
0.519236
0.687769
0.427286
0.868214
0.916342
1.11477
1.01696
1.0792
1.11027
0.838434
0.868528
1.0222
1.0553
0.623005
0.754214
0.893056
0.700747
1.0485
0.977913
0.848924
0.896239
1.00755
0.687877
0.997304
0.837877
1.10691
1.30066
0.848035
0.590956
0.953849
0.721281
0.845853
0.828068
0.415012
0.605535
0.872523
0.678447
1.14557
0.999266
0.623833
0.783074
0.444374
0.680981
1.29061
1.22334
0.886633
0.889667
1.28086
0.717524
0.955281
1.18296
0.945589
1.34572
1.22418
1.35135
0.898228
1.08989
1.20404
0.857086
0.822111
0.752875
0.685158
1.00387
0.620969
0.729997
0.898284
0.656186
0.953077
0.831563
1.15789
1.02775
1.24351
0.963637
0.720835
1.12708
0.975447
1.12417
0.784417
1.09721
0.770561
0.96529
0.887386
1.2521
0.897825
0.993628
1.29184
1.29687
1.00024
1.17098
1.259
1.10729
1.12387
1.03171
0.827617
0.984437
1.16859
1.03391
1.11171
1.06852
1.19735
1.07103
0.97125
0.790974
0.420175
0.886631
0.661573
0.621537
0.7303
0.731925
0.553282
0.746794
0.777314
0.54674
1.27658
1.18777
1.46162
1.02694
0.721277
0.924269
0.671796
0.796858
1.0806
1.12963
0.723504
1.07462
0.701218
0.717672
0.93057
0.983059
1.14229
0.751181
0.805215
0.858575
0.610601
1.08158
0.73319
0.779236
0.7447
0.629104
0.792312
0.575538
1.18769
0.819839
0.893353
1.01549
1.39733
1.32978
1.11555
1.14202
1.07208
0.835427
1.23901
0.810784
0.870054
0.709221
1.00159
0.7101
0.792025
0.878436
0.981151
1.14041
0.745449
0.871195
1.00276
0.495466
0.597992
1.03233
1.03691
0.979618
0.79958
0.436126
0.791489
0.910616
0.767214
0.858179
0.773003
1.01434
0.730072
0.801398
1.08004
0.586699
0.6964
0.845142
0.986692
0.417322
0.863307
0.818582
0.963222
0.743656
0.807362
0.862076
0.660321
0.655701
1.29559
1.01583
0.832852
1.20695
1.00539
0.874012
1.00415
0.949213
0.855721
1.05039
1.17219
0.582405
0.676661
1.04374
0.98075
1.2664
1.14888
1.31441
1.11308
0.910079
0.846993
0.855622
0.848171
0.963398
1.11913
1.41649
0.81668
0.721893
1.00394
0.874362
0.968125
0.851511
0.756796
1.34062
1.11646
0.723749
1.19096
1.07782
1.02403
0.927597
1.12965
0.940346
0.877862
0.998307
0.997504
1.21372
0.798272
0.870634
0.983511
0.968582
0.321843
0.533126
0.429869
0.569086
0.451481
0.525672
0.422667
0.593809
0.305218
0.313881
0.566651
0.572683
0.829578
0.695627
1.00653
0.944613
0.82143
0.609044
0.994497
0.542625
0.416934
0.963091
1.0663
0.956746
1.07596
0.721805
1.03941
1.05283
0.808045
0.832441
0.900215
0.961435
0.833751
0.752785
0.659739
0.600771
0.855008
0.723702
1.06018
1.05129
0.47857
0.694835
0.902586
0.814144
1.41087
1.32367
0.816232
0.914046
1.22584
0.482043
1.25983
1.09212
0.757976
0.974292
0.926125
0.60636
0.921452
1.31303
0.712814
0.958287
0.549234
0.699295
0.861072
0.801833
1.03189
0.835491
0.584727
0.856536
0.970673
0.411661
0.986184
0.806863
0.94754
0.958032
0.808675
0.862073
1.43862
1.25335
0.950148
0.956481
0.976396
1.1218
1.10041
1.38333
1.12616
0.946898
1.12359
0.732438
1.08853
0.818101
0.628593
1.05626
1.13213
0.782871
0.768294
0.797003
0.669915
0.691474
0.942527
1.09633
0.881878
0.603798
0.681536
0.820052
0.632037
0.625047
0.475752
0.557783
0.8115
0.672752
0.895692
1.12922
0.941069
0.974351
1.07711
0.734406
0.969412
0.84028
0.987055
1.2474
1.05338
0.901683
0.683101
1.26851
1.3846
1.19281
1.0491
0.907479
1.19197
1.29517
0.706451
0.759582
0.833483
0.902785
0.875464
0.7019
0.656919
0.777921
0.973511
0.837634
1.01886
1.20407
1.00821
1.17536
1.00913
1.04724
0.831039
0.869035
0.796213
0.788013
1.00355
0.892398
0.892458
1.06967
1.19009
1.07976
0.752309
1.00831
1.17118
0.917608
1.02993
1.08086
1.08879
1.05956
0.703472
0.480801
0.617095
0.587879
0.810255
0.931089
1.26354
0.724903
0.847362
1.37867
0.969985
0.995929
0.600726
0.986404
0.833264
0.773142
0.652248
0.267064
0.49553
0.35533
0.575679
0.492927
0.395298
0.830366
0.808004
0.666888
1.23927
1.42715
0.766565
1.26141
1.2753
0.889338
1.13572
1.41344
1.06704
1.26874
0.8951
0.832381
0.431623
0.731005
0.62267
0.994915
0.982638
0.708904
1.13138
0.88162
0.696472
1.15822
0.851548
0.773057
1.01271
0.957656
1.19552
1.12175
0.951307
0.880186
0.655505
0.862792
0.674193
1.2742
1.10753
1.16538
0.950303
0.779214
1.07501
1.03036
1.3102
1.29932
0.884009
0.970029
0.87029
0.705973
0.802565
0.961669
1.03019
1.05572
1.28016
1.0683
1.08391
1.05254
0.958586
0.95485
0.973574
0.793833
0.847703
1.26753
0.844682
0.945522
1.13971
1.08746
0.766879
0.793887
1.00366
0.887167
1.14844
1.02354
0.966334
1.22964
0.828608
0.88565
1.08107
1.0701
0.964448
1.02295
1.05123
1.08018
0.893549
1.1408
1.08074
0.806076
0.835311
0.774552
0.592362
0.919109
0.716753
0.523761
1.13808
0.911958
1.01797
1.18216
0.991267
1.21802
1.20631
1.01475
0.924547
0.975478
1.05792
0.754011
0.73347
1.05205
0.889471
0.964
0.922764
1.03565
1.15112
0.586611
0.748495
0.620532
0.819407
0.666543
0.938411
1.23191
0.880139
0.92268
0.930842
0.541532
1.38725
1.22247
0.798511
0.870299
1.03222
1.13244
0.992925
0.605568
0.882766
0.791744
0.953794
1.00393
1.04966
0.642675
1.17017
1.14663
0.701777
1.0641
0.704167
1.20498
0.586238
0.990184
0.875615
0.820267
0.646341
0.904072
1.13434
1.16049
1.14205
0.614374
0.977636
0.71627
0.689728
0.977467
0.862478
0.877832
0.887768
1.20431
0.707031
0.770057
1.18238
0.454431
0.966839
1.00092
1.13569
1.29012
0.946434
1.09971
1.33963
0.76275
0.888946
0.781433
0.341715
0.896335
0.680446
0.627921
0.78502
0.66024
0.680197
0.724028
0.521661
1.04029
1.0734
0.760859
1.24621
1.12775
0.953927
1.13028
0.860826
0.621378
0.640834
1.11007
1.06154
1.14608
1.04669
1.09547
0.901459
1.02833
1.17794
1.07451
1.03685
1.15101
0.827732
0.667016
0.923392
1.40024
1.22233
0.949843
0.429749
0.772836
0.665746
0.792627
0.83317
0.652626
0.624354
0.595074
0.760374
0.746616
0.78449
0.675294
1.05828
0.460033
0.931534
1.08632
0.712901
0.784646
0.988984
1.12195
0.970349
0.987081
1.26319
0.924408
0.799067
0.925565
0.876529
1.23446
0.804797
0.767793
0.867434
1.25507
1.19946
1.15634
0.767229
1.00155
0.758901
1.29745
1.02411
1.12859
1.07902
1.1047
0.999933
1.03899
0.870934
0.913235
1.21856
1.11895
1.27703
0.783271
0.894129
0.965706
1.30807
1.01474
0.950193
1.02408
0.934602
1.22615
0.950381
1.22592
1.34459
1.03165
0.909914
0.988402
1.05686
1.1085
1.03825
1.12759
1.14021
0.726285
0.794253
1.10085
1.26275
1.04967
1.04569
1.15905
1.2085
1.31091
1.23022
1.13916
1.14048
1.08428
0.696265
0.437064
0.600734
0.790526
1.05607
0.692318
0.600319
1.0654
1.00699
0.552526
1.04034
1.08726
0.940041
0.962976
0.793118
0.81143
0.987142
1.28491
1.02093
1.02958
0.831458
0.706466
0.984852
1.0376
1.11901
0.84223
0.858393
1.07019
1.30777
0.653587
0.708186
0.903334
0.580624
1.01929
0.661999
1.08738
0.944613
0.683006
0.664303
0.375294
0.917358
1.15695
1.11571
1.08458
0.797171
1.12444
0.618638
0.840658
1.06515
1.02618
1.21182
1.0873
1.00122
1.15552
1.16017
1.24487
0.892657
0.859213
0.830695
0.979417
1.09728
1.16654
1.06109
0.958751
1.12033
1.2644
1.1653
0.998267
1.06204
1.14959
0.696157
0.841
0.740751
0.955225
0.878159
0.654141
1.16873
0.635395
1.30997
0.98737
1.15732
1.0117
0.567504
1.20731
1.33224
1.28558
0.733038
0.81929
0.889755
1.08965
1.06409
1.06008
1.12176
1.01076
1.16773
1.13193
0.715995
1.11688
1.07331
0.979302
0.87639
1.04877
0.585503
0.963663
1.04526
0.584185
0.77574
0.879463
0.987476
0.908871
1.30568
0.91126
0.931268
0.977822
0.713142
1.14252
1.24831
1.00605
0.938018
0.878024
1.10196
0.875058
1.04912
0.951204
0.564824
1.36512
1.0031
1.04714
0.821146
1.08813
1.0014
0.948181
1.34033
1.40256
0.982235
1.05645
0.89147
0.713182
0.940685
1.35291
0.666441
0.696502
1.08862
1.22991
0.509017
0.933951
1.08884
0.750873
0.702754
0.831895
0.968282
0.533354
0.865044
0.718083
0.899383
0.596746
0.801995
0.505458
0.716766
0.856002
1.18519
1.14872
0.979251
0.791202
0.685941
0.601234
0.874024
0.4711
0.380565
0.752115
0.915259
0.810142
0.822073
0.675564
0.727478
0.872317
0.858421
1.23178
0.608552
0.987969
0.97384
1.19117
0.738735
1.14099
1.1129
0.89175
0.782332
0.567394
1.01228
1.00005
1.0735
1.01408
0.900264
0.855019
1.01358
0.746383
0.964217
0.742124
1.02561
1.03064
0.665951
0.831265
0.871107
0.785855
0.929305
0.933508
1.15832
1.09482
0.820299
0.344803
0.594091
0.695029
0.794903
1.01462
0.766515
0.804302
0.706163
0.877143
0.673646
0.805171
0.876356
1.229
0.677998
0.815309
0.988576
0.678339
0.415929
0.596277
1.22515
0.564834
0.551628
0.870812
0.91463
1.07121
0.391274
1.02171
0.788813
1.11315
0.569845
0.462237
0.856626
0.774205
0.849165
0.83426
0.787822
1.34438
0.879743
1.04752
1.19136
0.342733
0.631727
0.588029
0.779283
1.15197
1.24222
1.17487
1.21954
1.15117
1.1639
0.723502
0.713708
1.05463
1.31187
1.00803
0.569344
0.836786
0.859721
0.874451
0.734926
0.914895
0.752085
0.692642
0.928671
0.925687
0.570027
1.20441
1.11176
1.0737
1.19677
0.968329
1.00308
0.853396
0.848098
1.2239
0.963301
1.0978
1.08777
0.912463
0.91411
1.07666
1.37493
1.06575
1.27861
1.31641
1.01248
0.886291
1.31102
1.08359
0.911872
1.18273
0.897427
1.04592
0.908968
0.702066
0.796073
0.654553
0.499365
0.773383
1.14211
0.84584
0.821267
1.06413
1.20554
1.00297
1.0997
0.667417
0.75938
0.697808
1.03556
0.848469
0.864542
0.95396
1.13471
1.26659
0.972705
0.922616
0.794952
0.626743
0.556293
1.01781
0.853298
1.26099
1.09036
0.888307
1.03358
0.766446
0.638778
0.476761
0.890181
1.00212
1.14243
0.78554
0.795245
0.925752
1.05914
1.37283
1.34166
1.03506
1.04627
0.703801
0.854932
0.999717
1.19536
1.08448
1.12138
0.957197
0.995075
0.8692
0.779437
0.574939
1.13887
1.18536
0.972106
0.844391
0.974701
0.86803
1.07201
0.677853
0.892081
1.22771
1.19594
0.953662
0.840309
0.899872
0.727202
1.45175
0.929606
0.900577
0.624433
0.903096
0.751282
0.854705
0.870359
0.805912
1.03035
1.27754
1.34253
1.20361
1.06821
0.535804
0.759248
0.901606
0.96115
1.17677
0.824714
0.421066
1.00323
0.772361
0.610999
0.680329
0.77021
0.866493
0.630968
0.975574
0.816457
0.714775
1.10285
1.35925
0.971517
0.795893
1.16452
1.21284
0.796818
1.28417
1.1381
1.18691
1.00318
1.01277
1.06137
1.03255
1.15765
1.23495
0.834073
1.25085
0.944696
1.12339
1.03995
1.38412
0.953859
1.21348
0.863866
1.16423
1.15873
1.14501
0.796116
1.29681
1.183
0.741986
0.733969
0.814615
0.839556
1.09044
1.13837
0.672226
1.25784
1.11044
1.0259
0.940621
0.708956
0.697048
0.657841
0.794874
0.714236
1.01295
1.13438
1.16218
1.22339
0.973164
1.52992
0.541674
0.784096
0.433339
0.609734
0.705967
1.13431
0.913012
0.689533
0.667863
0.716793
0.871754
0.63487
0.938619
1.0169
0.772621
0.866323
0.847323
1.19643
0.894279
1.33517
0.999051
0.93671
1.1522
1.11774
1.05204
0.857938
0.854822
1.3287
0.757763
0.787576
1.00007
1.0137
0.914564
0.88288
1.05744
0.96839
1.09335
0.907268
0.890051
1.16295
0.696941
0.885907
0.934889
1.10657
1.14303
1.22331
1.07242
0.81986
0.70228
0.902132
0.907615
1.0304
0.659383
0.984924
1.12994
1.06825
1.35918
1.20297
1.11222
1.39359
1.12625
1.23832
0.942915
0.875152
1.01024
0.871113
0.792595
0.830547
1.16321
0.840259
1.3691
0.668954
0.805264
1.29266
1.10297
0.779822
0.815989
1.07345
0.938702
0.886079
0.98373
0.829171
0.608431
0.63889
0.772175
0.868925
0.849335
0.73966
1.20605
1.08128
0.687023
0.833883
0.891942
0.675653
0.860851
1.19996
0.766316
1.24009
1.16618
0.925366
0.53258
0.434518
0.793716
1.07201
0.962722
0.438629
0.994596
0.873327
0.761052
0.588242
0.917135
0.602745
0.370233
0.667723
0.735168
0.353508
0.569585
0.84519
1.13831
1.12066
0.24513
0.941855
0.750342
0.838658
0.836971
0.997184
0.737222
0.876779
0.831437
1.10295
0.700517
1.04358
1.08793
0.994648
0.85797
0.924777
0.6823
1.33014
0.835371
1.00884
0.81947
1.08273
1.31609
1.08643
1.08698
1.36205
1.06817
1.02885
0.935256
1.0127
1.01486
0.759132
1.28264
0.928038
1.06721
0.864144
0.614916
0.825185
1.01782
0.851692
0.772085
0.894492
0.846459
0.903071
0.870147
0.949693
0.943228
1.09261
1.07723
0.880326
0.968668
1.1498
1.0464
1.27201
0.832101
0.909594
0.896145
0.749234
0.808189
0.815944
1.02185
1.18575
0.999892
1.08033
0.705719
0.774496
1.05831
1.1726
0.930903
0.927486
0.905709
1.08745
0.880644
0.811609
0.829954
1.04405
0.905139
0.63971
0.472351
0.825166
0.731189
0.965264
0.83059
1.03191
1.27063
0.936936
1.2719
1.00528
0.839368
0.914064
1.01768
0.260854
0.766695
0.67911
0.744564
0.743622
0.810688
0.807353
1.17613
1.08695
0.857431
0.901901
0.784111
1.04271
0.837507
0.939685
0.581498
1.3245
1.11042
0.939904
0.757491
0.757078
1.18404
0.920209
1.0552
0.63033
1.05485
0.470545
0.625857
0.819133
1.10185
0.868092
1.17419
0.921387
0.675298
0.970064
0.98547
0.786866
0.868807
1.1705
0.789588
0.707844
1.0676
1.08626
0.768402
0.715802
0.817751
0.894843
0.889632
0.860463
0.677924
1.13836
0.937951
0.974156
1.25596
1.21915
0.796529
1.32232
1.24292
0.761545
1.15962
0.814857
0.73579
0.978729
0.91064
1.03378
0.758888
1.03354
1.13343
0.93428
0.926703
1.19922
1.00376
1.02957
1.03653
1.04822
1.10392
0.886147
1.22824
0.801923
0.884144
0.673995
0.989227
1.09465
1.14766
1.31168
0.910378
1.01716
0.797895
0.989756
0.580879
1.03372
1.08452
1.11145
0.875551
1.48709
1.06529
1.10295
1.14216
1.16707
1.11757
1.21227
0.9491
0.994547
1.01496
0.583985
0.88095
0.525402
0.918387
0.80729
0.995048
1.17318
1.05901
1.1542
1.0108
1.06128
0.963427
1.18054
0.756987
0.424833
0.742414
0.903076
1.22676
0.82064
1.02138
0.743839
0.947593
0.971395
0.895267
1.2963
1.15628
1.17188
0.870221
1.19365
0.594839
1.2014
0.949799
1.31224
0.979396
0.653234
0.359992
0.751678
0.67309
0.688564
0.616438
0.673924
1.38161
0.839293
1.13914
1.11038
0.973506
1.06686
1.13265
1.20667
0.946714
1.1403
1.10392
1.45198
1.18031
0.710492
0.831362
1.29772
1.27529
1.1892
1.44666
1.11466
0.734955
0.839874
1.06579
1.00725
0.937405
0.915757
0.789037
0.605404
0.766593
1.13184
0.857615
1.09136
0.912629
0.755182
0.817448
0.988158
0.743784
1.1759
0.939706
0.796145
0.871852
0.816548
0.829605
0.73635
0.691807
1.01508
1.25435
1.02657
0.961346
1.17542
1.18255
1.22692
1.10964
1.10009
0.918562
0.746188
1.13067
1.03134
1.396
1.36483
0.675297
0.693385
0.745749
0.985336
0.979589
0.554699
0.859729
0.531803
0.884144
0.809951
1.00702
0.665218
0.517027
0.559198
0.281237
1.18508
1.02787
0.931691
0.892653
1.10275
1.25095
1.26418
1.12905
0.95601
1.01455
0.837892
0.71288
0.546006
0.853812
0.670981
0.898151
0.85857
0.839434
0.76864
0.56191
0.56507
0.961277
0.895275
0.72791
1.27966
1.10263
1.17018
1.08252
1.09937
1.02959
1.02749
1.11725
0.841607
0.870137
1.1678
0.984924
0.930598
1.13516
1.21151
0.944828
1.09093
1.01838
0.605374
0.671338
0.632968
0.685657
0.7865
0.84112
1.10355
1.19699
1.15771
0.929499
1.15582
0.955467
1.01962
0.745922
0.908786
0.991118
0.642928
0.902159
0.735152
0.909801
0.934804
1.19916
1.26494
1.03308
1.05164
0.845263
1.13339
0.595505
0.776197
0.967405
0.963244
1.15822
0.810251
0.834837
0.785838
0.871749
1.07541
0.902279
1.06658
1.08978
0.909735
0.665475
1.15711
1.06436
1.06983
1.28973
1.29498
0.880157
1.19987
1.08338
0.632288
0.772879
1.15228
0.841812
1.1464
1.10046
0.990456
0.99504
0.902312
0.807205
0.932431
1.25329
0.783935
0.879047
0.910945
0.980138
0.621998
1.06083
0.929003
0.66904
0.950402
0.566134
0.729603
1.0451
0.771269
0.851797
0.969473
1.10937
0.932119
0.849639
1.03032
1.14313
1.11804
0.642597
0.985096
1.02227
1.0011
0.570944
0.515786
0.566736
0.65749
0.775921
1.04155
0.821859
0.699899
0.93388
0.770903
0.606585
0.584116
0.758363
1.10782
0.911089
0.896736
1.0708
0.937392
0.783406
0.785751
0.670731
0.817513
0.724881
0.887366
0.740003
0.505019
0.778673
0.656051
0.464702
0.857324
0.934179
0.532341
0.864014
0.871211
0.965756
1.34683
0.818389
1.26831
0.659777
0.798881
0.903826
0.836228
0.762955
0.88715
1.10363
1.10405
0.904336
0.801611
0.573799
1.103
0.5165
0.869698
0.841992
1.00729
1.03676
1.1907
1.0378
1.05039
0.97577
1.23077
0.796876
0.966824
1.14902
1.00231
1.19039
1.19359
1.15321
0.959881
0.748482
0.972171
1.07948
1.04161
0.982995
1.03266
0.972033
0.845083
1.06102
0.807206
1.21328
1.00993
0.852317
0.964758
0.750019
0.999527
0.881522
0.866392
0.876192
0.693299
0.696734
0.807163
0.626248
0.805532
0.627402
0.974702
0.704598
0.865035
1.08721
1.13198
1.05984
0.925839
0.931063
1.08607
0.992614
0.861681
1.1338
0.474741
1.08423
1.05896
1.24238
1.28891
1.18538
1.0409
0.597253
0.898001
1.01724
0.739852
1.01201
0.807334
0.922504
1.26116
0.869942
1.23335
0.721357
0.997486
0.905259
1.44074
0.982557
1.19924
1.22994
0.676841
0.820448
0.969597
1.10965
0.640588
1.07376
0.97687
0.99465
1.34276
1.05579
1.63067
0.893172
1.20574
0.716587
0.896107
0.731234
0.841289
0.947483
0.706042
0.709357
0.94506
1.0023
0.786223
0.771908
0.973701
0.817979
0.641221
1.39497
1.0023
0.816318
1.07348
0.806935
0.964492
0.846099
0.844975
0.822116
0.403741
0.828024
0.663016
0.955507
0.872896
0.975977
1.15436
0.766995
0.995476
1.18559
0.986613
1.12893
1.12347
1.24009
1.12675
1.12083
0.97353
1.05192
1.01733
0.913944
0.975687
1.45084
1.16898
1.2327
1.20037
0.741483
1.16301
0.916297
1.32421
1.28532
1.14088
0.835549
0.727739
0.834725
0.581097
1.29808
1.08232
0.639886
0.848716
0.439196
0.82106
0.745845
1.1045
1.28729
1.16331
1.01438
1.22162
1.11285
0.853415
1.16229
0.882015
0.720914
0.73808
0.674446
0.667794
1.13772
0.777146
0.810005
0.921148
1.12533
1.24833
1.34524
0.8659
0.99818
0.86147
0.670971
0.465968
0.648324
0.84182
0.503749
0.90188
0.668469
0.903076
0.578624
0.760535
0.642508
1.06235
1.18493
1.12461
1.23091
1.16568
0.810441
0.934559
0.852016
0.898269
0.900339
0.713442
0.516753
0.695176
0.613623
0.616848
0.420294
0.465918
0.767501
0.892002
0.758391
0.793654
1.03331
1.11903
0.993863
1.23582
0.601794
1.09853
0.629282
0.816758
0.993953
0.823171
0.846145
0.890559
0.848723
1.21588
1.13571
1.07036
0.967474
0.980948
1.00131
0.694362
0.911602
0.95539
0.93226
0.945706
1.10692
1.2247
0.614548
0.777641
0.870324
1.09576
1.01731
1.21246
1.22591
1.29197
1.00716
1.16539
0.961745
0.926634
0.664282
0.608842
0.770559
0.99667
1.04811
0.514876
0.401683
0.685224
0.723767
1.29204
0.828485
0.63742
0.726408
0.597302
0.605634
0.712786
0.472318
0.959588
1.19017
0.9505
0.637325
1.49309
0.765806
0.891193
0.975522
1.31289
1.00865
0.733788
0.80721
0.537251
1.26971
1.22163
0.996303
1.17466
1.26612
1.09531
0.982169
1.04007
0.725338
1.02633
1.13113
0.792691
0.694489
1.08199
0.811065
0.993296
0.90996
0.976734
0.448484
0.831703
0.766325
0.936799
0.772507
1.05199
0.739312
0.763947
1.18164
1.03694
1.0833
1.23892
1.05486
1.1503
0.873319
0.878626
1.26483
1.02904
1.29354
1.1778
1.07382
1.14484
0.65491
0.83864
0.514113
0.888454
0.810698
0.830779
1.02006
0.983854
0.765783
0.796292
0.509741
0.231336
0.0878972
0.403719
0.333334
0.379769
0.525445
0.808968
0.739508
1.03633
0.377041
0.831765
0.864314
0.672911
0.843237
0.520107
1.11892
0.677294
1.00877
1.11746
0.661848
0.866995
0.663705
0.804043
0.730874
0.718905
0.717732
1.05812
1.10466
1.04292
0.813913
1.0407
1.13895
0.873587
1.25793
1.04064
1.03068
0.919785
1.13184
0.927013
0.986489
1.12691
0.855269
0.918158
0.940803
1.06678
0.815838
1.17866
1.11851
1.29021
1.08884
0.640327
0.935627
0.548683
0.910598
0.907423
0.807484
0.585362
0.572097
0.68208
1.26321
0.729322
0.762988
0.847447
1.21938
0.933731
0.799512
1.2617
1.09557
0.984825
0.537165
1.24513
0.900183
0.958209
1.11144
0.630828
0.722251
0.941653
0.96124
1.17434
0.92038
0.957606
1.12709
1.09806
1.09165
1.29054
0.984166
0.831371
0.702063
0.867414
0.976994
0.855135
1.23774
0.685667
1.09472
1.20224
0.813235
0.927625
1.19743
0.912375
0.787592
0.662246
1.00453
1.35458
1.04216
0.860267
1.05866
1.28658
1.016
0.891701
1.24078
1.10571
0.965939
0.996163
1.16143
0.97345
0.797989
1.00041
0.908997
0.99013
1.05891
0.900079
1.04505
1.16805
1.23983
1.03234
1.31674
0.91654
0.810815
0.78809
1.1321
0.824259
0.980481
0.874971
1.20598
1.02274
0.821111
0.851765
1.15679
0.987704
1.06757
1.27025
1.37601
1.1312
0.885462
0.869457
1.1126
0.697098
0.928961
1.19176
1.08888
1.21386
0.76641
1.22944
0.920478
1.06802
1.45846
0.900265
0.686698
0.66999
0.9473
1.23887
1.01433
0.759013
0.94405
1.23395
1.01106
1.0954
1.23883
0.996127
1.09794
0.653529
0.985782
1.09374
0.707995
0.83251
0.858821
0.904204
0.828086
0.84331
0.833028
1.2566
0.946946
0.682496
0.675773
1.03933
0.753004
1.23425
0.939053
1.09264
0.795873
0.667353
0.815689
1.01934
0.803895
1.19555
0.596337
1.22698
0.747389
0.93122
0.311205
0.802223
0.630456
0.755677
0.70235
1.18681
0.760892
0.84524
1.15645
0.566595
0.773274
1.13242
0.935813
1.12501
1.29456
1.28949
0.735322
0.956775
1.31638
1.20646
0.853065
0.671142
1.22654
1.01903
1.04036
0.889419
0.614859
0.754594
1.01804
1.13362
0.518531
0.700601
0.892371
0.785014
0.823385
0.88425
1.07299
0.84678
0.874016
1.06546
1.18985
1.00356
1.04592
1.00524
1.2179
0.974487
1.01181
1.15843
1.23444
1.32066
1.17644
0.942795
0.557673
0.457272
0.554557
0.60045
0.651179
1.05028
0.606472
0.691584
0.703453
1.20817
0.979502
0.614742
1.14873
0.755675
0.572891
0.633233
1.29607
1.25039
1.07707
0.981088
0.639898
0.765376
0.847011
0.950878
0.879669
1.02481
0.950966
1.01131
0.980152
1.25048
1.09641
0.826539
0.765708
0.913324
0.918276
0.799688
0.97234
1.39477
1.30246
0.567895
0.366138
0.60227
0.67395
0.702271
0.546658
1.0426
0.786245
0.792857
0.568907
0.869478
0.928593
0.842168
0.623024
0.991406
1.10716
1.01566
0.946797
1.40011
0.849681
1.04736
0.888306
1.08385
1.13725
1.12248
1.06244
1.30787
0.755059
1.03347
0.790302
1.00714
1.30399
0.927901
1.06173
0.82395
0.932402
1.02987
0.719277
0.996535
0.964886
0.574056
0.859168
0.782911
0.885751
0.671043
1.2362
1.24785
0.939074
0.989283
0.802556
0.7451
0.933338
1.02712
0.786898
0.723225
0.825358
0.430086
0.985387
0.581347
0.935717
0.949701
1.10533
0.592041
1.09086
1.38696
1.22417
1.34625
0.544406
0.632268
0.864256
0.969173
0.907416
0.684985
1.07621
1.23309
1.15911
1.05396
0.750459
0.930477
0.551046
0.643192
0.777927
0.70607
0.610706
0.678778
0.795519
1.19439
0.874957
1.00169
0.738186
0.849475
0.937137
0.866219
1.22254
1.00544
1.28127
1.0262
1.10318
1.07247
0.549441
0.687858
0.687243
0.710472
0.602205
0.506156
0.280275
0.249469
0.453214
0.588295
1.06058
1.03686
1.40276
1.09761
0.756907
1.11653
0.991472
0.889203
1.06828
0.981389
1.15578
0.841175
0.637498
0.553507
0.835188
0.947494
1.15684
1.23045
1.04324
1.12446
0.907404
1.30296
0.829811
1.02768
1.1273
1.32743
1.00951
1.02932
0.880748
0.849076
1.02047
0.749598
0.976168
1.04859
0.750822
0.891915
0.790388
0.965652
0.910472
1.11262
0.863685
1.08572
0.891173
1.16125
0.893046
1.17253
1.15329
0.877606
0.762707
1.0058
1.06887
0.775334
0.786464
0.803166
0.701549
0.923616
0.765438
0.947391
0.922904
0.637722
0.694738
0.959493
1.15875
1.05267
0.993409
1.22019
0.815223
0.898898
0.700953
1.11634
0.836102
1.24473
1.26895
0.857063
1.19966
1.29464
1.23598
1.052
0.861856
1.18569
1.2617
0.984626
1.06173
0.956379
0.986953
0.685098
0.992702
0.887628
0.825518
0.780393
0.897336
0.87362
0.771494
1.35617
1.09832
1.04473
0.970277
0.507411
1.11358
0.85293
1.01313
1.03315
1.16347
1.0642
1.26237
1.15599
1.10496
1.17672
1.30743
1.15186
0.874642
0.182259
0.84233
0.967434
0.995366
0.676521
1.1914
0.662506
1.01871
0.923306
0.970474
0.576171
0.711725
1.14098
0.806946
0.845785
0.655993
0.78306
1.03311
1.1799
0.732393
1.11127
0.986925
1.14716
0.916015
1.16413
1.03674
0.985307
0.967454
0.856483
1.26432
1.23365
1.25369
1.30995
1.23217
1.14791
0.878188
0.851011
0.919034
0.933308
0.928405
1.02619
1.27745
1.24649
1.39461
0.88814
0.948423
1.08024
1.03058
1.19897
0.665983
0.836994
1.18481
0.764334
0.934359
0.781168
0.868061
0.746341
0.849408
0.933293
0.949029
1.26474
1.23494
1.25646
1.0841
1.04473
1.12749
0.965634
0.99535
1.10686
1.40074
0.779578
0.797781
1.0388
1.30077
1.02419
1.1177
1.04533
1.11722
0.897601
0.646887
0.42772
0.848166
1.04244
0.574929
0.89552
1.28873
0.710687
0.776925
0.916644
0.661641
0.832916
0.495875
0.375573
0.676991
0.33182
0.866349
0.72107
0.743132
0.877423
0.699826
0.801809
0.651442
0.560924
0.878327
0.451194
0.625204
0.655933
1.22828
0.674851
0.889691
0.745142
0.742825
1.34383
0.887864
1.27825
1.29519
1.14114
0.960745
0.728422
0.592851
0.949219
1.06219
0.917192
1.10554
1.29219
1.43039
0.899391
0.725835
0.656949
0.591445
0.946705
1.05487
0.933298
0.694819
1.03417
1.01659
0.813343
0.802408
0.860211
0.920473
0.978218
0.756781
1.25082
1.14464
0.805949
0.77987
0.997418
1.05384
1.14942
1.23422
1.05613
0.962554
0.931038
1.07008
1.0749
0.971991
1.3007
0.972813
0.906448
1.02667
1.18699
0.936823
1.37678
0.878959
1.11056
0.868986
1.334
1.09429
0.957699
1.37762
0.776511
0.794284
0.775748
1.3067
0.697799
0.520554
0.945102
0.792644
0.872755
0.939656
0.933649
0.842013
1.127
0.920355
1.01828
1.11038
1.14847
0.952175
0.918612
1.03775
1.23898
1.01711
1.03801
0.890708
0.830079
0.978389
1.00529
0.990215
0.860262
1.12063
0.600805
0.715067
0.903111
0.948303
0.87773
0.993589
0.850311
1.13086
0.687575
1.02007
0.824949
0.955273
0.726215
0.684005
1.03157
1.01161
1.1561
0.822109
1.23573
0.713154
1.36984
0.976412
0.748653
0.818517
0.763397
1.23325
1.03981
1.13416
0.815378
1.18836
0.730347
0.677538
0.720756
0.61357
0.586113
0.652487
0.984106
0.852739
0.724354
0.777615
0.958434
0.818114
0.941255
1.03376
0.991416
0.864979
0.980894
0.727311
1.14882
0.98751
0.972714
0.803752
0.615208
1.03396
1.19455
1.04453
0.525756
0.98169
0.764999
1.0825
0.742959
1.27848
1.2717
0.969015
0.863293
1.00116
1.20407
0.916341
1.19044
0.912205
1.09759
1.07508
1.30714
1.02883
0.947259
1.23014
0.787706
1.08633
0.749004
1.20516
1.20107
1.25027
1.0276
0.72464
1.13553
1.08742
0.993444
1.16418
0.928378
0.824078
1.01236
0.946691
0.884601
0.921765
0.863414
0.843548
1.13248
1.12704
0.970571
0.543777
0.842562
0.825343
0.84426
0.768695
0.852788
0.836766
0.955823
0.576892
0.921141
0.651764
